  -3926.9908169872415        2.4492935982947065E-015  -6.0522219612385503E-016
  -3865.6315854718159       0.98135348654835952       0.25653083242871988     
  -3804.2723539563904        1.9603428065912167       0.51322292654973101     
  -3742.9131224409643        2.9346094891072361       0.76971484668935730     
  -3681.5538909255388        3.9018064403225723        1.0261604664344937     
  -3620.1946594101132        4.8596035980652816        1.2827289807488276     
  -3558.8354278946877        5.8056935450892482        1.5390573669414813     
  -3497.4761963792616        6.7377970678444061        1.7952925889198470     
  -3436.1169648638361        7.6536686473017976        2.0516124001470351     
  -3374.7577333484105        8.5511018686056399        2.3076505583402334     
  -3313.3985018329849        9.4279347365199566        2.5635475411161677     
  -3252.0392703175589        10.282054883864433        2.8194903814832983     
  -3190.6800388021338        11.111404660392042        3.0751078906944711     
  -3129.3208072867083        11.913986089848667        3.3305344393026317     
  -3067.9615757712822        12.687865683272907        3.5859671758451315     
  -3006.6023442558567        13.431179096940371        3.8410280884179402     
  -2945.2431127404311        14.142135623730955        4.0958457864940669     
  -2883.8838812250056        14.819022507099183        4.3506285086760315     
  -2822.5246497095795        15.460209067254745        4.6049893265607187     
  -2761.1654181941544        16.064150629612900        4.8590514133405964     
  -2699.8061866787280        16.629392246050909        5.1130352403038675     
  -2638.4469551633028        17.154572200005443        5.3665425682465031     
  -2577.0877236478773        17.638425286967099        5.6196914524202928     
  -2515.7284921324513        18.079785862468867        5.8727159447291051     
  -2454.3692606170257        18.477590650225736        6.1252036891350308     
  -2393.0100291016001        18.830881303660419        6.3772679544691346     
  -2331.6507975861741        19.138806714644183        6.6291579734726724     
  -2270.2915660707490        19.400625063890885        6.8804439043992982     
  -2208.9323345553235        19.615705608064612        7.1312346021232207     
  -2147.5731030398974        19.783530199295619        7.3817963910621565     
  -2086.2138715244719        19.903694533443932        7.6316777973590746     
  -2024.8546400090463        19.975909124103449        7.8809837144430119     
  -1963.4954084936207        19.999999999999996        8.1299998464587180     
  -1902.1361769781952        19.975909124103449        8.3782478401835920     
  -1840.7769454627694        19.903694533443936        8.6258292045445266     
  -1779.4177139473438        19.783530199295619        8.8730517338453581     
  -1718.0584824319180        19.615705608064612        9.1194033011692959     
  -1656.6992509164925        19.400625063890882        9.3649827069848630     
  -1595.3400194010669        19.138806714644183        9.6101228167951529     
  -1533.9807878856411        18.830881303660416        9.8542680089359358     
  -1472.6215563702156        18.477590650225732        10.097514554190539     
  -1411.2623248547898        18.079785862468864        10.340222297006385     
  -1349.9030933393640        17.638425286967095        10.581775816826489     
  -1288.5438618239386        17.154572200005443        10.822264313451694     
  -1227.1846303085129        16.629392246050905        11.062067160033550     
  -1165.8253987930871        16.064150629612900        11.300469274498568     
  -1104.4661672776617        15.460209067254741        11.537517278092704     
  -1043.1069357622359        14.819022507099184        11.773544024392827     
  -981.74770424681037        14.142135623730951        12.007578929550025     
  -920.38847273138470        13.431179096940367        12.239399828744295     
  -859.02924121595902        12.687865683272907        12.468873200813309     
  -797.67000970053346        11.913986089848665        12.693958790977849     
  -736.31077818510778        11.111404660392044        12.912776260704000     
  -674.95154666968199        10.282054883864431        13.122167265035070     
  -613.59231515425643        9.4279347365199513        13.314298775538603     
  -552.23308363883086        8.5511018686056417        13.477230772575492     
  -490.87385212340519        7.6536686473017959        13.589564404183236     
  -429.51462060797951        6.7377970678444026        13.610571518082571     
  -368.15538909255389        5.8056935450892482        13.471704282455935     
  -306.79615757712821        4.8596035980652790        13.056739504590492     
  -245.43692606170259        3.9018064403225656        12.179275349575153     
  -184.07769454627694        2.9346094891072347        10.585364077361580     
  -122.71846303085130        1.9603428065912121        8.0130046702643742     
  -61.359231515425648       0.98135348654836030        4.3745059146421816     
   0.0000000000000000       -0.0000000000000000        6.5002051614771468E-015
   61.359231515425648      -0.98135348654836030       -4.3745059146421674     
   122.71846303085130       -1.9603428065912121       -8.0130046702643583     
   184.07769454627694       -2.9346094891072347       -10.585364077361589     
   245.43692606170259       -3.9018064403225656       -12.179275349575160     
   306.79615757712821       -4.8596035980652790       -13.056739504590485     
   368.15538909255389       -5.8056935450892482       -13.471704282455928     
   429.51462060797951       -6.7377970678444026       -13.610571518082580     
   490.87385212340519       -7.6536686473017959       -13.589564404183232     
   552.23308363883086       -8.5511018686056417       -13.477230772575483     
   613.59231515425643       -9.4279347365199513       -13.314298775538607     
   674.95154666968199       -10.282054883864431       -13.122167265035081     
   736.31077818510778       -11.111404660392044       -12.912776260703993     
   797.67000970053346       -11.913986089848665       -12.693958790977849     
   859.02924121595902       -12.687865683272907       -12.468873200813309     
   920.38847273138470       -13.431179096940367       -12.239399828744286     
   981.74770424681037       -14.142135623730951       -12.007578929550021     
   1043.1069357622359       -14.819022507099184       -11.773544024392834     
   1104.4661672776617       -15.460209067254741       -11.537517278092707     
   1165.8253987930871       -16.064150629612900       -11.300469274498566     
   1227.1846303085129       -16.629392246050905       -11.062067160033555     
   1288.5438618239386       -17.154572200005443       -10.822264313451699     
   1349.9030933393640       -17.638425286967095       -10.581775816826491     
   1411.2623248547898       -18.079785862468864       -10.340222297006385     
   1472.6215563702156       -18.477590650225732       -10.097514554190543     
   1533.9807878856411       -18.830881303660416       -9.8542680089359305     
   1595.3400194010669       -19.138806714644183       -9.6101228167951547     
   1656.6992509164925       -19.400625063890882       -9.3649827069848666     
   1718.0584824319180       -19.615705608064612       -9.1194033011692923     
   1779.4177139473438       -19.783530199295619       -8.8730517338453474     
   1840.7769454627694       -19.903694533443936       -8.6258292045445231     
   1902.1361769781952       -19.975909124103449       -8.3782478401835867     
   1963.4954084936207       -19.999999999999996       -8.1299998464587215     
   2024.8546400090463       -19.975909124103449       -7.8809837144430244     
   2086.2138715244719       -19.903694533443932       -7.6316777973590879     
   2147.5731030398974       -19.783530199295619       -7.3817963910621636     
   2208.9323345553235       -19.615705608064612       -7.1312346021232216     
   2270.2915660707490       -19.400625063890885       -6.8804439043992982     
   2331.6507975861741       -19.138806714644183       -6.6291579734726742     
   2393.0100291016001       -18.830881303660419       -6.3772679544691293     
   2454.3692606170257       -18.477590650225736       -6.1252036891350272     
   2515.7284921324513       -18.079785862468867       -5.8727159447291086     
   2577.0877236478773       -17.638425286967099       -5.6196914524202866     
   2638.4469551633028       -17.154572200005443       -5.3665425682464969     
   2699.8061866787280       -16.629392246050909       -5.1130352403038701     
   2761.1654181941544       -16.064150629612900       -4.8590514133405920     
   2822.5246497095795       -15.460209067254745       -4.6049893265607160     
   2883.8838812250056       -14.819022507099183       -4.3506285086760377     
   2945.2431127404311       -14.142135623730955       -4.0958457864940776     
   3006.6023442558567       -13.431179096940371       -3.8410280884179446     
   3067.9615757712822       -12.687865683272907       -3.5859671758451386     
   3129.3208072867083       -11.913986089848667       -3.3305344393026424     
   3190.6800388021338       -11.111404660392042       -3.0751078906944729     
   3252.0392703175589       -10.282054883864433       -2.8194903814832921     
   3313.3985018329849       -9.4279347365199566       -2.5635475411161686     
   3374.7577333484105       -8.5511018686056399       -2.3076505583402316     
   3436.1169648638361       -7.6536686473017976       -2.0516124001470315     
   3497.4761963792616       -6.7377970678444061       -1.7952925889198372     
   3558.8354278946877       -5.8056935450892482       -1.5390573669414813     
   3620.1946594101132       -4.8596035980652816       -1.2827289807488285     
   3681.5538909255388       -3.9018064403225723       -1.0261604664344874     
   3742.9131224409643       -2.9346094891072361      -0.76971484668935375     
   3804.2723539563904       -1.9603428065912165      -0.51322292654973856     
   3865.6315854718159      -0.98135348654835930      -0.25653083242872521     
