           0   71.284740972686834        986365.61125648383     
           1   32.048212620258937        147272.41859434757     
           2   9.2728096329282224        18883.602385123635     
           3   3.3501422794689888        6209.6243504846771     
           4   1.8039947559554173        880.74494829392700     
           5  0.48930959569756927        3.4525034683488660     
           6  0.47225226208552112        14.798116590570805     
           7  0.45275796319606343        9.7264535094423348     
           8  0.41102669088306137        1.6413044443987623     
           9  0.39172191914463494       0.13658681087739374     
          10  0.39155468596174686        4.8360345725407425     
          11  0.37134438644130058       0.54485236200904608     
          12  0.36550362656666158        2.3402622602409013E-002
          13  0.36534337912443565        1.1405567063651163     
          14  0.36129585607942971       0.64361410194024993     
          15  0.36117508870458725        7.1057498957468176E-003
          16  0.36090231258811961        1.5852026793432426E-005
          17  0.36090231180632265        7.5103579432413643E-006
          18  0.36090228123199014        5.8317735936472174E-005
          19  0.36090028808609365        1.2812579976622660E-006
          20  0.36090028670720298        1.4914172807135192E-006
