           1   2.4492935982947065E-015  -1.6574372913090903E-015  -5.3046218592928351E-002 -0.16911990829877954     
           2  0.98135348654835952       0.25653083242872210       -7.0732673166171045E-002 -0.17742227019412127     
           3   1.9603428065912167       0.51322292654973323       -8.0395108975040541E-002 -0.18491910603767403     
           4   2.9346094891072361       0.76971484668935730       -8.1171772257737640E-002 -0.19154575696267639     
           5   3.9018064403225723        1.0261604664344874       -7.1907898065850961E-002 -0.19798514432337977     
           6   4.8596035980652816        1.2827289807488294       -5.1201380925311568E-002 -0.20360215636813461     
           7   5.8056935450892482        1.5390573669414849       -1.7474041839459664E-002 -0.20832155083398718     
           8   6.7377970678444061        1.7952925889198470        3.0926063222601607E-002 -0.21284832417596256     
           9   7.6536686473017976        2.0516124001470351        9.5589867369230586E-002 -0.21656355294583698     
          10   8.5511018686056399        2.3076505583402334       0.17788493532146199      -0.21938121332474714     
          11   9.4279347365199566        2.5635475411161632       0.27877777602375042      -0.22203152693888356     
          12   10.282054883864433        2.8194903814832966       0.39865977782361450      -0.22390910069879258     
          13   11.111404660392042        3.0751078906944684       0.53719994016177552      -0.22491614436201773     
          14   11.913986089848667        3.3305344393026308       0.69324787379840025      -0.22581097131976943     
          15   12.687865683272907        3.5859671758451297       0.86480626992008203      -0.22599841168400456     
          16   13.431179096940371        3.8410280884179411        1.0490835993513183      -0.22536712448000573     
          17   14.142135623730955        4.0958457864940669        1.2426266270180484      -0.22470622442706001     
          18   14.819022507099183        4.3506285086760279        1.4415205633404475      -0.22342675672042045     
          19   15.460209067254745        4.6049893265607178        1.6416346715806363      -0.22140126507242069     
          20   16.064150629612900        4.8590514133406026        1.8388848730994756      -0.21945240609891459     
          21   16.629392246050909        5.1130352403038701        2.0294834502052952      -0.21699269337670246     
          22   17.154572200005443        5.3665425682464987        2.2101493645759107      -0.21387525050397593     
          23   17.638425286967099        5.6196914524202954        2.3782599986445314      -0.21095929811122932     
          24   18.079785862468867        5.8727159447291140        2.5319346046569540      -0.20765328597594607     
          25   18.477590650225736        6.1252036891350325        2.6700494937470300      -0.20378691889924055     
          26   18.830881303660419        6.3772679544691364        2.7921933182595797      -0.20025960159399619     
          27   19.138806714644183        6.6291579734726778        2.8985765482049946      -0.19646931471665030     
          28   19.400625063890885        6.8804439043993000        2.9899119623818322      -0.19221768784663951     
          29   19.615705608064612        7.1312346021232251        3.0672828564630912      -0.18844892047795897     
          30   19.783530199295619        7.3817963910621636        3.1320133671056274      -0.18454307471931583     
          31   19.903694533443932        7.6316777973590817        3.1855516979853720      -0.18026839999933708     
          32   19.975909124103449        7.8809837144430182        3.2293729814695924      -0.17661998430946602     
          33   19.999999999999996        8.1299998464587233        3.2649047222068805      -0.17295116161881174     
          34   19.975909124103449        8.3782478401835903        3.2934747023482203      -0.16899081288755347     
          35   19.903694533443936        8.6258292045445248        3.3162790851530763      -0.16579312432879767     
          36   19.783530199295619        8.8730517338453581        3.3343672299168170      -0.16267396477767981     
          37   19.615705608064612        9.1194033011692959        3.3486392852309264      -0.15931606379734764     
          38   19.400625063890882        9.3649827069848648        3.3598527528643931      -0.15684384505407065     
          39   19.138806714644183        9.6101228167951547        3.3686346962121956      -0.15452198442119849     
          40   18.830881303660416        9.8542680089359393        3.3754969195074880      -0.15197914332619589     
          41   18.477590650225732        10.097514554190548        3.3808521277520769      -0.15042490416238377     
          42   18.079785862468864        10.340222297006390        3.3850297028710856      -0.14905364015467398     
          43   17.638425286967095        10.581775816826493        3.3882902519806271      -0.14742939488139511     
          44   17.154572200005443        10.822264313451697        3.3908384838815149      -0.14686497552260683     
          45   16.629392246050905        11.062067160033555        3.3928342556989697      -0.14645237443915113     
          46   16.064150629612900        11.300469274498568        3.3944018198874231      -0.14566935312770007     
          47   15.460209067254741        11.537517278092707        3.3956374136566096      -0.14594050947020296     
          48   14.819022507099184        11.773544024392832        3.3966153889288355      -0.14617622075955999     
          49   14.142135623730951        12.007578929550025        3.3973930990988581      -0.14568332750716395     
          50   13.431179096940367        12.239399828744292        3.3980147533074039      -0.14590544444140166     
          51   12.687865683272907        12.468873200813306        3.3985144301009167      -0.14525612662210657     
          52   11.913986089848665        12.693958790977845        3.3989184174343103      -0.14240024759560355     
          53   11.111404660392044        12.912776260704003        3.3992470196065350      -0.13801315801595238     
          54   10.282054883864431        13.122167265035081        3.3995159466244327      -0.12833387303283761     
          55   9.4279347365199513        13.314298775538605        3.3997373790737639      -0.10852924228258880     
          56   8.5511018686056417        13.477230772575492        3.3999207823836999       -7.3399376396778335E-002
          57   7.6536686473017959        13.589564404183237        3.4000735284306227       -7.4788048758566775E-003
          58   6.7377970678444026        13.610571518082576        3.4002013694827191       0.11366604014472109     
          59   5.8056935450892482        13.471704282455930        3.4003087991528291       0.32752601132370629     
          60   4.8596035980652790        13.056739504590491        3.4003993268814674       0.70011426823529876     
          61   3.9018064403225656        12.179275349575159        3.4004756861096741        1.3147622805001631     
          62   2.9346094891072347        10.585364077361579        3.4005399913601480        2.2350832575073318     
          63   1.9603428065912121        8.0130046702643618        3.4005938556144999        3.4123543715918725     
          64  0.98135348654836030        4.3745059146421790        3.4006384763956090        4.5328250903379246     
          65  -0.0000000000000000        1.8952763874914106E-015   3.4006746966246628        5.0771075641360879     
          66 -0.98135348654836030       -4.3745059146421772        3.4007030444482718        4.7493604282925244     
          67  -1.9603428065912121       -8.0130046702643618        3.4007237546784115        3.7845106836143301     
          68  -2.9346094891072347       -10.585364077361582        3.4007367731347551        2.6875063171942299     
          69  -3.9018064403225656       -12.179275349575157        3.4007417439167287        1.7954637598323251     
          70  -4.8596035980652790       -13.056739504590492        3.4007379783592251        1.1842862142967157     
          71  -5.8056935450892482       -13.471704282455926        3.4007244030373780       0.80714129795482370     
          72  -6.7377970678444026       -13.610571518082573        3.4006994825689958       0.58859259004648345     
          73  -7.6536686473017959       -13.589564404183236        3.4006611109882452       0.46463564428392135     
          74  -8.5511018686056417       -13.477230772575490        3.4006064629750048       0.39768004042171101     
          75  -9.4279347365199513       -13.314298775538605        3.4005317930313690       0.36298696857319585     
          76  -10.282054883864431       -13.122167265035083        3.4004321665676178       0.34425317653981818     
          77  -11.111404660392044       -12.912776260703996        3.4003011015125209       0.33570105990819404     
          78  -11.913986089848665       -12.693958790977845        3.4001300921618185       0.33240254318352191     
          79  -12.687865683272907       -12.468873200813306        3.3999079781393831       0.33022832366271343     
          80  -13.431179096940367       -12.239399828744292        3.3996201101501899       0.32969213993654545     
          81  -14.142135623730951       -12.007578929550025        3.3992472502413635       0.32960927797401485     
          82  -14.819022507099184       -11.773544024392830        3.3987641272247924       0.32823793109262089     
          83  -15.460209067254741       -11.537517278092709        3.3981375476234330       0.32699137668867490     
          84  -16.064150629612900       -11.300469274498571        3.3973239392550267       0.32536831023112367     
          85  -16.629392246050905       -11.062067160033557        3.3962661793233631       0.32217809196666314     
          86  -17.154572200005443       -10.822264313451697        3.3948895337056189       0.31883783210408245     
          87  -17.638425286967095       -10.581775816826497        3.3930965126824315       0.31500153201476616     
          88  -18.079785862468864       -10.340222297006394        3.3907604365799640       0.30967099660923131     
          89  -18.477590650225732       -10.097514554190548        3.3877175115100679       0.30414773331194372     
          90  -18.830881303660416       -9.8542680089359358        3.3837572528794846       0.29814828570109614     
          91  -19.138806714644183       -9.6101228167951565        3.3786111784739710       0.29077809931238618     
          92  -19.400625063890882       -9.3649827069848648        3.3719398425996516       0.28322700688577562     
          93  -19.615705608064612       -9.1194033011692959        3.3633185180093896       0.27525535608413360     
          94  -19.783530199295619       -8.8730517338453581        3.3522221706056632       0.26603902739073193     
          95  -19.903694533443936       -8.6258292045445302        3.3380108220302080       0.25667500906120688     
          96  -19.975909124103449       -8.3782478401835903        3.3199169489761884       0.24696164948661536     
          97  -19.999999999999996       -8.1299998464587233        3.2970371897528645       0.23612722214030923     
          98  -19.975909124103449       -7.8809837144430217        3.2683312448733810       0.22519294263956025     
          99  -19.903694533443932       -7.6316777973590799        3.2326313507267184       0.21399191953797525     
         100  -19.783530199295619       -7.3817963910621636        3.1886659105718800       0.20179282501009599     
         101  -19.615705608064612       -7.1312346021232225        3.1351005907731206       0.18955473764862218     
         102  -19.400625063890885       -6.8804439043993009        3.0705992378056655       0.17714299212036835     
         103  -19.138806714644183       -6.6291579734726804        2.9939051983372948       0.16385782890916087     
         104  -18.830881303660419       -6.3772679544691400        2.9039410001196524       0.15060685931157125     
         105  -18.477590650225736       -6.1252036891350325        2.7999210255640183       0.13728537754727241     
         106  -18.079785862468867       -5.8727159447291104        2.6814681608964182       0.12321819589426393     
         107  -17.638425286967099       -5.6196914524202910        2.5487220413669300       0.10926974676125638     
         108  -17.154572200005443       -5.3665425682464942        2.4024242150328687        9.5363095331793879E-002
         109  -16.629392246050909       -5.1130352403038675        2.2439651208708873        8.0841693542319931E-002
         110  -16.064150629612900       -4.8590514133405982        2.0753798552101328        6.6533159364102992E-002
         111  -15.460209067254745       -4.6049893265607205        1.8992845224307398        5.2386104837450008E-002
         112  -14.819022507099183       -4.3506285086760297        1.7187521975795166        3.7757276861593331E-002
         113  -14.142135623730955       -4.0958457864940696        1.5371362019408037        2.3442277985015747E-002
         114  -13.431179096940371       -3.8410280884179446        1.3578570126410134        9.4129539899337478E-003
         115  -12.687865683272907       -3.5859671758451306        1.1841759554615092       -4.9656957903608939E-003
         116  -11.913986089848667       -3.3305344393026317        1.0189822915082978       -1.8926543717009289E-002
         117  -11.111404660392042       -3.0751078906944764       0.86461941832763944       -3.2476905041677731E-002
         118  -10.282054883864433       -2.8194903814832957       0.72277058313532772       -4.6248415509440075E-002
         119  -9.4279347365199566       -2.5635475411161650       0.59441566340178609       -5.9499854453783182E-002
         120  -8.5511018686056399       -2.3076505583402342       0.47985993662650372       -7.2220110698161796E-002
         121  -7.6536686473017976       -2.0516124001470377       0.37882546846242993       -8.5042234279305517E-002
         122  -6.7377970678444061       -1.7952925889198426       0.29058780301823273       -9.7249037626311569E-002
         123  -5.8056935450892482       -1.5390573669414831       0.21413643355210099      -0.10881330404812928     
         124  -4.8596035980652816       -1.2827289807488267       0.14833753513638737      -0.12037414690049653     
         125  -3.9018064403225723       -1.0261604664344919        9.2081149498538295E-002 -0.13123695954054293     
         126  -2.9346094891072361      -0.76971484668935286        4.4401152761057938E-002 -0.14136051009120143     
         127  -1.9603428065912165      -0.51322292654972967        4.5632422938306494E-003 -0.15139443266316954     
         128 -0.98135348654835930      -0.25653083242872032       -2.7877781728008255E-002 -0.16066541128980427     
