           0   34.105636629292249        417607.35203274613     
           1   13.189166986262897        22826.411891210151     
           2   3.9835803020345191        3286.6760711037728     
           3   1.5347794686960765        1726.0563021099749     
           4  0.34980828141216697        27.288074722420536     
           5   6.6185796880866440E-002  0.35614365830375405     
           6   6.5498660030279557E-002   7.5319978933895568E-002
           7   5.9443458174571626E-002   1.2044113455745062E-002
           8   5.9410500041839356E-002  0.64972525457394337     
           9   5.8841418786040836E-002   3.3905773517401788E-002
          10   5.6648408476158610E-002   3.4744892106327267E-004
          11   5.6616051369601322E-002   2.9371849786039109E-004
          12   5.6615961356307393E-002   5.5129839276017621E-006
          13   5.6615837224223552E-002   2.5948483755549809E-004
          14   5.6613845839351258E-002   2.1986512052228491E-004
          15   5.6613835409110608E-002   1.4228590253624441E-007
          16   5.6613776591452780E-002   3.4066162477275533E-009
          17   5.6613776585991704E-002   1.4285203676822949E-011
          18   5.6613776584350781E-002   7.8073809037570678E-010
          19   5.6613776578996813E-002   3.9048092671915150E-012
          20   5.6613776578996633E-002   9.2004922688765030E-014
