         -42         (5.67482400096497479E-023,0.0000000000000000)         (8.13601857589722663E-021,0.0000000000000000)
         -41         (1.96019464611806912E-022,0.0000000000000000)         (4.92995964841481361E-020,0.0000000000000000)
         -40         (5.20849242353844980E-023,0.0000000000000000)         (6.36816374087725048E-020,0.0000000000000000)
         -39         (4.76596605600629529E-021,0.0000000000000000)         (6.29532997436590395E-019,0.0000000000000000)
         -38         (8.17568649633050762E-020,0.0000000000000000)         (2.20049794309987615E-017,0.0000000000000000)
         -37         (3.19607111729169846E-019,0.0000000000000000)         (9.99464117184435963E-017,0.0000000000000000)
         -36         (2.06881839860410241E-019,0.0000000000000000)         (1.24253014399019536E-017,0.0000000000000000)
         -35         (3.70712006849691947E-019,0.0000000000000000)         (8.89953891954629774E-016,0.0000000000000000)
         -34         (4.69357717396487758E-018,0.0000000000000000)         (2.33100107706601805E-015,0.0000000000000000)
         -33         (3.28160314218555028E-018,0.0000000000000000)         (2.56957105394217526E-015,0.0000000000000000)
         -32         (1.03089222267616209E-017,0.0000000000000000)         (2.52562578587796222E-014,0.0000000000000000)
         -31         (7.37662901292420561E-017,0.0000000000000000)         (1.47492712818213462E-014,0.0000000000000000)
         -30         (1.42003426427022891E-017,0.0000000000000000)         (1.38864697552878133E-013,0.0000000000000000)
         -29         (6.79711881112447617E-016,0.0000000000000000)         (2.54197810850136637E-013,0.0000000000000000)
         -28         (3.45848965620799836E-016,0.0000000000000000)         (1.81665755238372572E-013,0.0000000000000000)
         -27         (3.26757881610146632E-015,0.0000000000000000)         (2.62391587769641819E-012,0.0000000000000000)
         -26         (1.22048840721553168E-014,0.0000000000000000)         (1.99613062633490296E-012,0.0000000000000000)
         -25         (4.67463572954451975E-016,0.0000000000000000)         (9.06189086572513921E-013,0.0000000000000000)
         -24         (4.23712000730518507E-014,0.0000000000000000)         (2.13528752226535058E-011,0.0000000000000000)
         -23         (1.88683416954752599E-013,0.0000000000000000)         (6.34957624281139919E-011,0.0000000000000000)
         -22         (2.68543292056326408E-013,0.0000000000000000)         (9.59163225252832504E-011,0.0000000000000000)
         -21         (1.71914908476076619E-013,0.0000000000000000)         (9.68254744424198913E-011,0.0000000000000000)
         -20         (3.60833324133852172E-014,0.0000000000000000)         (7.35089475352030781E-011,0.0000000000000000)
         -19         (2.35392507983578329E-015,0.0000000000000000)         (4.48664805540159376E-011,0.0000000000000000)
         -18         (4.84898168296223187E-014,0.0000000000000000)         (2.29803147192761858E-011,0.0000000000000000)
         -17         (8.84996182299127986E-014,0.0000000000000000)         (1.01710763528248895E-011,0.0000000000000000)
         -16         (8.70890498990429242E-014,0.0000000000000000)         (3.97053041895061198E-012,0.0000000000000000)
         -15         (6.04500694882702070E-014,0.0000000000000000)         (1.38674952471388401E-012,0.0000000000000000)
         -14         (3.27185402614367485E-014,0.0000000000000000)         (4.37560943121525695E-013,0.0000000000000000)
         -13         (1.45242344213209528E-014,0.0000000000000000)         (1.25526939147868655E-013,0.0000000000000000)
         -12         (5.44804234558387032E-015,0.0000000000000000)         (3.28986744385907057E-014,0.0000000000000000)
         -11         (6.04567105634565243E-015,0.0000000000000000)         (7.87497006005728889E-015,0.0000000000000000)
         -10         (2.92196429251452897E-013,0.0000000000000000)         (1.44593158842588434E-013,0.0000000000000000)
          -9         (3.42976463817289615E-013,0.0000000000000000)         (9.04112341511949895E-012,0.0000000000000000)
          -8         (1.65654020859618667E-009,0.0000000000000000)         (3.86551065334036708E-012,0.0000000000000000)
          -7         (7.66195120325516189E-008,0.0000000000000000)         (6.73409426336534186E-008,0.0000000000000000)
          -6         (4.01935254751022293E-007,0.0000000000000000)         (6.70929658245350648E-006,0.0000000000000000)
          -5         (7.29404023313373704E-004,0.0000000000000000)         (3.75894160001122624E-005,0.0000000000000000)
          -4         (4.86921324141523712E-002,0.0000000000000000)         (4.03753962202766589E-002,0.0000000000000000)
          -3         (4.98832698359723478E-002,0.0000000000000000)               (17.265298908668349,0.0000000000000000)
          -2               (133.12243064400428,0.0000000000000000)               (2756.5383085274311,0.0000000000000000)
          -1               (1.4587908390223507,0.0000000000000000)               (250742.01690036940,0.0000000000000000)
           0         (1.09872489340007127E-023,0.0000000000000000)         (4.44308632254061884E-024,0.0000000000000000)
           1               (1.4587908390223507,0.0000000000000000)               (250742.01690036940,0.0000000000000000)
           2               (133.12243064400428,0.0000000000000000)               (2756.5383085274311,0.0000000000000000)
           3         (4.98832698359723478E-002,0.0000000000000000)               (17.265298908668349,0.0000000000000000)
           4         (4.86921324141523712E-002,0.0000000000000000)         (4.03753962202766589E-002,0.0000000000000000)
           5         (7.29404023313373704E-004,0.0000000000000000)         (3.75894160001122624E-005,0.0000000000000000)
           6         (4.01935254751022293E-007,0.0000000000000000)         (6.70929658245350648E-006,0.0000000000000000)
           7         (7.66195120325516189E-008,0.0000000000000000)         (6.73409426336534186E-008,0.0000000000000000)
           8         (1.65654020859618667E-009,0.0000000000000000)         (3.86551065334036708E-012,0.0000000000000000)
           9         (3.42976463817289615E-013,0.0000000000000000)         (9.04112341511949895E-012,0.0000000000000000)
          10         (2.92196429251452897E-013,0.0000000000000000)         (1.44593158842588434E-013,0.0000000000000000)
          11         (6.04567105634565243E-015,0.0000000000000000)         (7.87497006005728889E-015,0.0000000000000000)
          12         (5.44804234558387032E-015,0.0000000000000000)         (3.28986744385907057E-014,0.0000000000000000)
          13         (1.45242344213209528E-014,0.0000000000000000)         (1.25526939147868655E-013,0.0000000000000000)
          14         (3.27185402614367485E-014,0.0000000000000000)         (4.37560943121525695E-013,0.0000000000000000)
          15         (6.04500694882702070E-014,0.0000000000000000)         (1.38674952471388401E-012,0.0000000000000000)
          16         (8.70890498990429242E-014,0.0000000000000000)         (3.97053041895061198E-012,0.0000000000000000)
          17         (8.84996182299127986E-014,0.0000000000000000)         (1.01710763528248895E-011,0.0000000000000000)
          18         (4.84898168296223187E-014,0.0000000000000000)         (2.29803147192761858E-011,0.0000000000000000)
          19         (2.35392507983578329E-015,0.0000000000000000)         (4.48664805540159376E-011,0.0000000000000000)
          20         (3.60833324133852172E-014,0.0000000000000000)         (7.35089475352030781E-011,0.0000000000000000)
          21         (1.71914908476076619E-013,0.0000000000000000)         (9.68254744424198913E-011,0.0000000000000000)
          22         (2.68543292056326408E-013,0.0000000000000000)         (9.59163225252832504E-011,0.0000000000000000)
          23         (1.88683416954752599E-013,0.0000000000000000)         (6.34957624281139919E-011,0.0000000000000000)
          24         (4.23712000730518507E-014,0.0000000000000000)         (2.13528752226535058E-011,0.0000000000000000)
          25         (4.67463572954451975E-016,0.0000000000000000)         (9.06189086572513921E-013,0.0000000000000000)
          26         (1.22048840721553168E-014,0.0000000000000000)         (1.99613062633490296E-012,0.0000000000000000)
          27         (3.26757881610146632E-015,0.0000000000000000)         (2.62391587769641819E-012,0.0000000000000000)
          28         (3.45848965620799836E-016,0.0000000000000000)         (1.81665755238372572E-013,0.0000000000000000)
          29         (6.79711881112447617E-016,0.0000000000000000)         (2.54197810850136637E-013,0.0000000000000000)
          30         (1.42003426427022891E-017,0.0000000000000000)         (1.38864697552878133E-013,0.0000000000000000)
          31         (7.37662901292420561E-017,0.0000000000000000)         (1.47492712818213462E-014,0.0000000000000000)
          32         (1.03089222267616209E-017,0.0000000000000000)         (2.52562578587796222E-014,0.0000000000000000)
          33         (3.28160314218555028E-018,0.0000000000000000)         (2.56957105394217526E-015,0.0000000000000000)
          34         (4.69357717396487758E-018,0.0000000000000000)         (2.33100107706601805E-015,0.0000000000000000)
          35         (3.70712006849691947E-019,0.0000000000000000)         (8.89953891954629774E-016,0.0000000000000000)
          36         (2.06881839860410241E-019,0.0000000000000000)         (1.24253014399019536E-017,0.0000000000000000)
          37         (3.19607111729169846E-019,0.0000000000000000)         (9.99464117184435963E-017,0.0000000000000000)
          38         (8.17568649633050762E-020,0.0000000000000000)         (2.20049794309987615E-017,0.0000000000000000)
          39         (4.76596605600629529E-021,0.0000000000000000)         (6.29532997436590395E-019,0.0000000000000000)
          40         (5.20849242353844980E-023,0.0000000000000000)         (6.36816374087725048E-020,0.0000000000000000)
          41         (1.96019464611806912E-022,0.0000000000000000)         (4.92995964841481361E-020,0.0000000000000000)
          42         (5.67482400096497479E-023,0.0000000000000000)         (8.13601857589722663E-021,0.0000000000000000)
         -42         (4.88758283661967231E-025,0.0000000000000000)         (5.67482400096497479E-023,0.0000000000000000)
         -41         (8.68294802900652420E-025,0.0000000000000000)         (1.96019464611806912E-022,0.0000000000000000)
         -40         (1.17168909400512730E-025,0.0000000000000000)         (5.20849242353844980E-023,0.0000000000000000)
         -39         (4.02848061103622765E-023,0.0000000000000000)         (4.76596605600629529E-021,0.0000000000000000)
         -38         (3.51823616019761434E-022,0.0000000000000000)         (8.17568649633050762E-020,0.0000000000000000)
         -37         (1.26600656405248661E-021,0.0000000000000000)         (3.19607111729169846E-019,0.0000000000000000)
         -36         (3.32199573656560124E-021,0.0000000000000000)         (2.06881839860410241E-019,0.0000000000000000)
         -35         (4.38583703953185239E-021,0.0000000000000000)         (3.70712006849691947E-019,0.0000000000000000)
         -34         (6.01755874560589481E-021,0.0000000000000000)         (4.69357717396487758E-018,0.0000000000000000)
         -33         (2.24613960035552969E-019,0.0000000000000000)         (3.28160314218555028E-018,0.0000000000000000)
         -32         (1.24728451333557454E-019,0.0000000000000000)         (1.03089222267616209E-017,0.0000000000000000)
         -31         (1.73865745633312169E-018,0.0000000000000000)         (7.37662901292420561E-017,0.0000000000000000)
         -30         (2.74473041618415577E-018,0.0000000000000000)         (1.42003426427022891E-017,0.0000000000000000)
         -29         (1.21246034307060005E-017,0.0000000000000000)         (6.79711881112447617E-016,0.0000000000000000)
         -28         (1.66911889074837737E-017,0.0000000000000000)         (3.45848965620799836E-016,0.0000000000000000)
         -27         (1.17833660654568716E-016,0.0000000000000000)         (3.26757881610146632E-015,0.0000000000000000)
         -26         (2.01139815486412482E-017,0.0000000000000000)         (1.22048840721553168E-014,0.0000000000000000)
         -25         (1.38103500252175399E-015,0.0000000000000000)         (4.67463572954451975E-016,0.0000000000000000)
         -24         (1.82370759712795253E-015,0.0000000000000000)         (4.23712000730518507E-014,0.0000000000000000)
         -23         (7.96022720966347873E-016,0.0000000000000000)         (1.88683416954752599E-013,0.0000000000000000)
         -22         (3.38114359192146702E-014,0.0000000000000000)         (2.68543292056326408E-013,0.0000000000000000)
         -21         (1.44942700496647696E-013,0.0000000000000000)         (1.71914908476076619E-013,0.0000000000000000)
         -20         (3.04632517643712145E-013,0.0000000000000000)         (3.60833324133852172E-014,0.0000000000000000)
         -19         (4.17440669454795968E-013,0.0000000000000000)         (2.35392507983578329E-015,0.0000000000000000)
         -18         (4.19638173261486298E-013,0.0000000000000000)         (4.84898168296223187E-014,0.0000000000000000)
         -17         (3.30000963334781554E-013,0.0000000000000000)         (8.84996182299127986E-014,0.0000000000000000)
         -16         (2.11316457596771586E-013,0.0000000000000000)         (8.70890498990429242E-014,0.0000000000000000)
         -15         (1.13206352880939254E-013,0.0000000000000000)         (6.04500694882702070E-014,0.0000000000000000)
         -14         (5.17147379971264955E-014,0.0000000000000000)         (3.27185402614367485E-014,0.0000000000000000)
         -13         (2.04274129632351026E-014,0.0000000000000000)         (1.45242344213209528E-014,0.0000000000000000)
         -12         (7.05027427401309093E-015,0.0000000000000000)         (5.44804234558387032E-015,0.0000000000000000)
         -11         (5.93084152156515335E-015,0.0000000000000000)         (6.04567105634565243E-015,0.0000000000000000)
         -10         (2.43623865996786016E-013,0.0000000000000000)         (2.92196429251452897E-013,0.0000000000000000)
          -9         (3.50271689846298560E-013,0.0000000000000000)         (3.42976463817289615E-013,0.0000000000000000)
          -8         (1.30628539914713525E-009,0.0000000000000000)         (1.65654020859618667E-009,0.0000000000000000)
          -7         (5.71807331057136610E-008,0.0000000000000000)         (7.66195120325516189E-008,0.0000000000000000)
          -6         (1.97702556127683743E-007,0.0000000000000000)         (4.01935254751022293E-007,0.0000000000000000)
          -5         (4.32904598837355965E-004,0.0000000000000000)         (7.29404023313373704E-004,0.0000000000000000)
          -4         (3.53365177889863949E-002,0.0000000000000000)         (4.86921324141523712E-002,0.0000000000000000)
          -3              (0.68676289464008999,0.0000000000000000)         (4.98832698359723478E-002,0.0000000000000000)
          -2         (3.51645018893400176E-004,0.0000000000000000)               (133.12243064400428,0.0000000000000000)
          -1         (7.95306049647541197E-005,0.0000000000000000)               (1.4587908390223507,0.0000000000000000)
           0         (8.74692498135461991E-023,0.0000000000000000)         (1.09872489340007127E-023,0.0000000000000000)
           1         (7.95306049647541197E-005,0.0000000000000000)               (1.4587908390223507,0.0000000000000000)
           2         (3.51645018893400176E-004,0.0000000000000000)               (133.12243064400428,0.0000000000000000)
           3              (0.68676289464008999,0.0000000000000000)         (4.98832698359723478E-002,0.0000000000000000)
           4         (3.53365177889863949E-002,0.0000000000000000)         (4.86921324141523712E-002,0.0000000000000000)
           5         (4.32904598837355965E-004,0.0000000000000000)         (7.29404023313373704E-004,0.0000000000000000)
           6         (1.97702556127683743E-007,0.0000000000000000)         (4.01935254751022293E-007,0.0000000000000000)
           7         (5.71807331057136610E-008,0.0000000000000000)         (7.66195120325516189E-008,0.0000000000000000)
           8         (1.30628539914713525E-009,0.0000000000000000)         (1.65654020859618667E-009,0.0000000000000000)
           9         (3.50271689846298560E-013,0.0000000000000000)         (3.42976463817289615E-013,0.0000000000000000)
          10         (2.43623865996786016E-013,0.0000000000000000)         (2.92196429251452897E-013,0.0000000000000000)
          11         (5.93084152156515335E-015,0.0000000000000000)         (6.04567105634565243E-015,0.0000000000000000)
          12         (7.05027427401309093E-015,0.0000000000000000)         (5.44804234558387032E-015,0.0000000000000000)
          13         (2.04274129632351026E-014,0.0000000000000000)         (1.45242344213209528E-014,0.0000000000000000)
          14         (5.17147379971264955E-014,0.0000000000000000)         (3.27185402614367485E-014,0.0000000000000000)
          15         (1.13206352880939254E-013,0.0000000000000000)         (6.04500694882702070E-014,0.0000000000000000)
          16         (2.11316457596771586E-013,0.0000000000000000)         (8.70890498990429242E-014,0.0000000000000000)
          17         (3.30000963334781554E-013,0.0000000000000000)         (8.84996182299127986E-014,0.0000000000000000)
          18         (4.19638173261486298E-013,0.0000000000000000)         (4.84898168296223187E-014,0.0000000000000000)
          19         (4.17440669454795968E-013,0.0000000000000000)         (2.35392507983578329E-015,0.0000000000000000)
          20         (3.04632517643712145E-013,0.0000000000000000)         (3.60833324133852172E-014,0.0000000000000000)
          21         (1.44942700496647696E-013,0.0000000000000000)         (1.71914908476076619E-013,0.0000000000000000)
          22         (3.38114359192146702E-014,0.0000000000000000)         (2.68543292056326408E-013,0.0000000000000000)
          23         (7.96022720966347873E-016,0.0000000000000000)         (1.88683416954752599E-013,0.0000000000000000)
          24         (1.82370759712795253E-015,0.0000000000000000)         (4.23712000730518507E-014,0.0000000000000000)
          25         (1.38103500252175399E-015,0.0000000000000000)         (4.67463572954451975E-016,0.0000000000000000)
          26         (2.01139815486412482E-017,0.0000000000000000)         (1.22048840721553168E-014,0.0000000000000000)
          27         (1.17833660654568716E-016,0.0000000000000000)         (3.26757881610146632E-015,0.0000000000000000)
          28         (1.66911889074837737E-017,0.0000000000000000)         (3.45848965620799836E-016,0.0000000000000000)
          29         (1.21246034307060005E-017,0.0000000000000000)         (6.79711881112447617E-016,0.0000000000000000)
          30         (2.74473041618415577E-018,0.0000000000000000)         (1.42003426427022891E-017,0.0000000000000000)
          31         (1.73865745633312169E-018,0.0000000000000000)         (7.37662901292420561E-017,0.0000000000000000)
          32         (1.24728451333557454E-019,0.0000000000000000)         (1.03089222267616209E-017,0.0000000000000000)
          33         (2.24613960035552969E-019,0.0000000000000000)         (3.28160314218555028E-018,0.0000000000000000)
          34         (6.01755874560589481E-021,0.0000000000000000)         (4.69357717396487758E-018,0.0000000000000000)
          35         (4.38583703953185239E-021,0.0000000000000000)         (3.70712006849691947E-019,0.0000000000000000)
          36         (3.32199573656560124E-021,0.0000000000000000)         (2.06881839860410241E-019,0.0000000000000000)
          37         (1.26600656405248661E-021,0.0000000000000000)         (3.19607111729169846E-019,0.0000000000000000)
          38         (3.51823616019761434E-022,0.0000000000000000)         (8.17568649633050762E-020,0.0000000000000000)
          39         (4.02848061103622765E-023,0.0000000000000000)         (4.76596605600629529E-021,0.0000000000000000)
          40         (1.17168909400512730E-025,0.0000000000000000)         (5.20849242353844980E-023,0.0000000000000000)
          41         (8.68294802900652420E-025,0.0000000000000000)         (1.96019464611806912E-022,0.0000000000000000)
          42         (4.88758283661967231E-025,0.0000000000000000)         (5.67482400096497479E-023,0.0000000000000000)
