           0   405.50054559554553        10463862.754798746     
           1   244.06636358716702        2707290.5487304018     
           2   154.54573685448665        368684.13929681934     
           3   126.39093544469198        108877.71279776386     
           4   119.84405732783911        44421.939719439470     
           5   111.65256117672234        1342.9846887091255     
           6   108.05210872266601        2738.5738947502477     
           7   107.56320554666210        1530.5362285483850     
           8   106.86294025521181        818.71996625790644     
           9   106.04767267787035        234.55579385706270     
          10   104.44213109529906        123.67710962018835     
          11   104.43850450693093        203.75521724012856     
          12   104.11305542132864        206.22114085923300     
          13   102.16615154673748        22.080413351135981     
          14   101.82096968767510        948.18941483889375     
          15   101.78675405786041        60.544231436703996     
          16   101.70294365039695        1702.4680111973148     
          17   101.32859348420835        4.8922778908964384     
          18   101.12290187106905        771.76513407713674     
          19   101.10414239397166        720.19319549328020     
          20   101.06369540939833        8.0679373090670303     
