           0   206.43389336880503        1289794.3487229131     
           1   115.73301318384316        458777.74247842393     
           2   64.449113301577640        42472.962587433554     
           3   56.090972045222529        8074.2985570658229     
           4   53.894405542366343        2169.7962368718154     
           5   53.228445505400309        562.53989249456981     
           6   52.592891769773438        234.04424146325294     
           7   52.481482505403861        149.28525640500931     
           8   52.315120419108069        44.841495417234725     
           9   52.232469780418128        119.99745658680934     
          10   51.397065278840550        91.433272472442226     
          11   50.694843987276180        331.20502505279973     
          12   49.961801001674139        7.7391651576563047     
          13   49.959946392541092        33.294133360735053     
          14   49.920160780139305        7.7987972445008884     
          15   49.846185022921794        1.9346139478429216     
          16   49.754662390794124        349.73219162370907     
          17   49.680003180483190        6.7251171985914162     
          18   49.625828076499509        13.815190005976342     
          19   49.623517472463071        8.8799407394835189E-002
          20   49.618159286703609       0.27522139509058502     
