           1  -7.9747304802002779       -12.445278077866671       -11.857281529402503     
           2  -7.7964235202204994       -12.089617674087551       -11.521185536479830     
           3  -7.6098345304321739       -11.730591367328010       -11.181860355684366     
           4  -7.4155330893640636       -11.367918623771203       -10.838707135143618     
           5  -7.2140436119663427       -11.001629603516033       -10.491642253295019     
           6  -7.0058503477282112       -10.632612219517931       -10.141966751131447     
           7  -6.7914017471257040       -10.260576972907041       -9.7891015787195919     
           8  -6.5711142868453090       -9.8855089247597849       -9.4329186919313237     
           9  -6.3453758305392567       -9.5082323201857264       -9.0746424833141788     
          10  -6.1145485902673808       -9.1284568922452678       -8.7137151407287909     
          11  -5.8789717439890463       -8.7461321380978010       -8.3499698505354836     
          12  -5.6389637561891730       -8.3620337372332045       -7.9845702654968331     
          13  -5.3948244417600399       -7.9758756569291780       -7.6169807785043222     
          14  -5.1468368074100521       -7.5875782702796126       -7.2470002666424582     
          15  -4.8952686999203436       -7.1978798573087683       -6.8757443922157195     
          16  -4.6403742864087514       -6.8065017567185553       -6.5027003738829441     
          17  -4.3823953882608446       -6.4133397002923109       -6.1276362453467259     
          18  -4.1215626874092361       -6.0191031297015956       -5.7516300518643808     
          19  -3.8580968211340165       -5.6235227770390290       -5.3741921873705181     
          20  -3.5922093794433705       -5.2264729298403010       -4.9950624736861950     
          21  -3.3241038172799806       -4.8286409847173362       -4.6152899122513169     
          22  -3.0539762922699980       -4.4297684164790549       -4.2344082171155417     
          23  -2.7820164374433416       -4.0297103945004187       -3.8521309361298872     
          24  -2.5084080772391677       -3.6291378481628449       -3.4694852448606301     
          25  -2.2333298941736537       -3.2278039442806898       -3.0860281837009005     
          26  -1.9569560527629664       -2.8255464561543082       -2.7014483964207860     
          27  -1.6794567866104093       -2.4230245902667944       -2.3167574523218342     
          28  -1.4009989540000296       -2.0200039304746928       -1.9315356519363860     
          29  -1.1217465668743352       -1.6163061511476178       -1.5454476480306818     
          30 -0.84186129766849049       -1.2125829246782258       -1.1594949212883172     
          31 -0.56150296815058698      -0.80861287286283723      -0.77328095976532740     
          32 -0.28083002416941610      -0.40420256917139064      -0.38644697945117557     
          33  -2.0207291051445171E-017  -9.4887743616703551E-016   1.0556523631863671E-005
          34  0.28083002416941316       0.40420256917139241       0.38646498526001061     
          35  0.56150296815058820       0.80861287286283989       0.77329824562909621     
          36  0.84186129766849183        1.2125829246782240        1.1595140377724364     
          37   1.1217465668743369        1.6163061511476222        1.5454624086350490     
          38   1.4009989540000314        2.0200039304746937        1.9315483648942244     
          39   1.6794567866104100        2.4230245902667988        2.3167709150808928     
          40   1.9569560527629639        2.8255464561543064        2.7014565008398232     
          41   2.2333298941736524        3.2278039442806890        3.0860332335830609     
          42   2.5084080772391655        3.6291378481628449        3.4694903575984037     
          43   2.7820164374433425        4.0297103945004142        3.8521301161731882     
          44   3.0539762922699980        4.4297684164790487        4.2344038196514742     
          45   3.3241038172799802        4.8286409847173353        4.6152854286102034     
          46   3.5922093794433696        5.2264729298403001        4.9950520300992176     
          47   3.8580968211340148        5.6235227770390228        5.3741782203005775     
          48   4.1215626874092317        6.0191031297015876        5.7516164555816500     
          49   4.3823953882608446        6.4133397002923056        6.1276172458892928     
          50   4.6403742864087478        6.8065017567185544        6.5026784891157758     
          51   4.8952686999203445        7.1978798573087657        6.8757239211471077     
          52   5.1468368074100539        7.5875782702796064        7.2469754795847763     
          53   5.3948244417600426        7.9758756569291842        7.6169542454920478     
          54   5.6389637561891730        8.3620337372332081        7.9845466672736123     
          55   5.8789717439890499        8.7461321380978063        8.3499434145708165     
          56   6.1145485902673817        9.1284568922452660        8.7136884359056452     
          57   6.3453758305392576        9.5082323201857299        9.0746205317441024     
          58   6.5711142868453072        9.8855089247597778        9.4328955658187361     
          59   6.7914017471257031        10.260576972907039        9.7890797783272809     
          60   7.0058503477282139        10.632612219517927        10.141951594074250     
          61   7.2140436119663418        11.001629603516033        10.491627527923928     
          62   7.4155330893640610        11.367918623771207        10.838695204330040     
          63   7.6098345304321731        11.730591367328014        11.181856794942163     
          64   7.7964235202204977        12.089617674087547        11.521183713564344     
          65   7.9747304802002761        12.445278077866671        11.857283610892477     
          66   8.1441349320137757        12.796599728495311        12.188762227827684     
          67   8.3039588980034207        13.143492698745085        12.515638591120878     
          68   8.4534592920576621        13.486214677145139        12.838538263639354     
          69   8.5918191302966882        13.823676456334486        13.155944191038401     
          70   8.7181373648889657        14.155704635109004        13.467813475773015     
          71   8.8314171169852127        14.482509504602623        13.774785767571885     
          72   8.9305520587228120        14.802836221824100        14.075185083619029     
          73   9.0143106736174907        15.116386980815435        14.368892769090323     
          74   9.0813181165547601        15.423278481954771        14.656553850332777     
          75   9.1300354107921198        15.722006476304456        14.936279377276325     
          76   9.1587357784774355        16.012071199188846        15.207849977468539     
          77   9.1654780319599087        16.293400421915472        15.471891152577298     
          78   9.1480771987858009        16.564080271514129        15.726205974356031     
          79   9.1040729761289256        16.823240066206118        15.970411530417390     
          80   9.0306972972495885        17.070390802233426        16.205026303196732     
          81   8.9248433573104808        17.302840018118967        16.427323023932704     
          82   8.7830400256992025        17.518889110960615        16.636526245644298     
          83   8.6014378093285728        17.716946290199509        16.832662829184841     
          84   8.3758155281021907        17.892409275981773        17.011688935577610     
          85   8.1016205900486078        18.041075826730516        17.171280465491403     
          86   7.7740598934204579        18.157438936441089        17.308838389736259     
          87   7.3882621091167495        18.230063054202283        17.414876231910824     
          88   6.9395338108794409        18.243833086712627        17.478219515212466     
          89   6.4237290801345619        18.174122952482445        17.479658496693283     
          90   5.8377414958400839        17.975080693782033        17.377567578571529     
          91   5.1801056102137810        17.571877889173802        17.102924645246645     
          92   4.4516609293823768        16.836455360902949        16.531038833439030     
          93   3.6561887699699787        15.556325396435280        15.440362665876119     
          94   2.8008923051763155        13.431107567690081        13.501261680201683     
          95   1.8965710491286700        10.132119579808187        10.321880586505255     
          96  0.95736291445878452        5.5252190534779029        5.6936561728637667     
          97   3.5325063877490558E-015   1.6814690957835468E-014   1.4274514726599194E-002
          98 -0.95736291445877597       -5.5252190534778727       -5.6681336809728489     
          99  -1.8965710491286645       -10.132119579808164       -10.303320147727295     
         100  -2.8008923051763124       -13.431107567690070       -13.489753053613356     
         101  -3.6561887699699751       -15.556325396435273       -15.433973025615938     
         102  -4.4516609293823732       -16.836455360902946       -16.527799121131999     
         103  -5.1801056102137757       -17.571877889173798       -17.101411552738483     
         104  -5.8377414958400777       -17.975080693782026       -17.376928188142465     
         105  -6.4237290801345583       -18.174122952482442       -17.479455274467000     
         106  -6.9395338108794355       -18.243833086712623       -17.478199630123150     
         107  -7.3882621091167486       -18.230063054202283       -17.414914501110793     
         108  -7.7740598934204597       -18.157438936441089       -17.308896343449341     
         109  -8.1016205900486078       -18.041075826730516       -17.171322504024907     
         110  -8.3758155281021871       -17.892409275981777       -17.011703482594640     
         111  -8.6014378093285693       -17.716946290199502       -16.832663728144894     
         112  -8.7830400256992007       -17.518889110960611       -16.636506144628907     
         113  -8.9248433573104808       -17.302840018118967       -16.427283204367850     
         114  -9.0306972972495849       -17.070390802233430       -16.204982732693249     
         115  -9.1040729761289256       -16.823240066206122       -15.970358832186177     
         116  -9.1480771987858027       -16.564080271514129       -15.726145040174579     
         117  -9.1654780319599087       -16.293400421915472       -15.471834923046329     
         118  -9.1587357784774319       -16.012071199188842       -15.207792452677360     
         119  -9.1300354107921216       -15.722006476304454       -14.936220189989811     
         120  -9.0813181165547601       -15.423278481954769       -14.656503533652895     
         121  -9.0143106736174872       -15.116386980815435       -14.368845023920244     
         122  -8.9305520587228102       -14.802836221824093       -14.075138752804200     
         123  -8.8314171169852145       -14.482509504602628       -13.774749832172560     
         124  -8.7181373648889693       -14.155704635109000       -13.467781691985504     
         125  -8.5918191302966882       -13.823676456334486       -13.155914945830705     
         126  -8.4534592920576603       -13.486214677145135       -12.838519504139484     
         127  -8.3039588980034207       -13.143492698745089       -12.515624272354742     
         128  -8.1441349320137739       -12.796599728495311       -12.188750428140626     
