           0   105.84673493783895        1025450.2164012874     
           1   64.175186603951190        178389.92942853901     
           2   33.430117819766132        31182.795544688674     
           3   24.128242421696310        7236.6161381075262     
           4   22.633932887795112        605.80410648976897     
           5   21.508394171433505        51.948651190720120     
           6   21.317811251054380        205.00240498911270     
           7   21.043876558812123        15.110956929780508     
           8   20.957237371832449        23.840832372807753     
           9   20.734278531736368        1.0054020001729171     
          10   20.734190198001937        1.6381230999350971     
          11   20.708431118053475        2.0268716993088587     
          12   20.621242867459554       0.11372868133984607     
          13   20.620855443546724        2.7618690915765898     
          14   20.601545314346843       0.53933148424047672     
          15   20.601431039668324        8.8989274505215515E-002
          16   20.597980225357826        3.7544873597666040E-003
          17   20.597980017161671        2.4840440728973951E-003
          18   20.597571786426517       0.30261859036600908     
          19   20.597347544603767        8.8572675964351948E-005
          20   20.597347441197474        1.1952283032133488E-004
