  -3926.9908169872415        2.4492935982947065E-015  -1.6574372913090903E-015
  -3865.6315854718159       0.98135348654835952       0.25653083242872210     
  -3804.2723539563904        1.9603428065912167       0.51322292654973323     
  -3742.9131224409643        2.9346094891072361       0.76971484668935730     
  -3681.5538909255388        3.9018064403225723        1.0261604664344874     
  -3620.1946594101132        4.8596035980652816        1.2827289807488294     
  -3558.8354278946877        5.8056935450892482        1.5390573669414849     
  -3497.4761963792616        6.7377970678444061        1.7952925889198470     
  -3436.1169648638361        7.6536686473017976        2.0516124001470351     
  -3374.7577333484105        8.5511018686056399        2.3076505583402334     
  -3313.3985018329849        9.4279347365199566        2.5635475411161632     
  -3252.0392703175589        10.282054883864433        2.8194903814832966     
  -3190.6800388021338        11.111404660392042        3.0751078906944684     
  -3129.3208072867083        11.913986089848667        3.3305344393026308     
  -3067.9615757712822        12.687865683272907        3.5859671758451297     
  -3006.6023442558567        13.431179096940371        3.8410280884179411     
  -2945.2431127404311        14.142135623730955        4.0958457864940669     
  -2883.8838812250056        14.819022507099183        4.3506285086760279     
  -2822.5246497095795        15.460209067254745        4.6049893265607178     
  -2761.1654181941544        16.064150629612900        4.8590514133406026     
  -2699.8061866787280        16.629392246050909        5.1130352403038701     
  -2638.4469551633028        17.154572200005443        5.3665425682464987     
  -2577.0877236478773        17.638425286967099        5.6196914524202954     
  -2515.7284921324513        18.079785862468867        5.8727159447291140     
  -2454.3692606170257        18.477590650225736        6.1252036891350325     
  -2393.0100291016001        18.830881303660419        6.3772679544691364     
  -2331.6507975861741        19.138806714644183        6.6291579734726778     
  -2270.2915660707490        19.400625063890885        6.8804439043993000     
  -2208.9323345553235        19.615705608064612        7.1312346021232251     
  -2147.5731030398974        19.783530199295619        7.3817963910621636     
  -2086.2138715244719        19.903694533443932        7.6316777973590817     
  -2024.8546400090463        19.975909124103449        7.8809837144430182     
  -1963.4954084936207        19.999999999999996        8.1299998464587233     
  -1902.1361769781952        19.975909124103449        8.3782478401835903     
  -1840.7769454627694        19.903694533443936        8.6258292045445248     
  -1779.4177139473438        19.783530199295619        8.8730517338453581     
  -1718.0584824319180        19.615705608064612        9.1194033011692959     
  -1656.6992509164925        19.400625063890882        9.3649827069848648     
  -1595.3400194010669        19.138806714644183        9.6101228167951547     
  -1533.9807878856411        18.830881303660416        9.8542680089359393     
  -1472.6215563702156        18.477590650225732        10.097514554190548     
  -1411.2623248547898        18.079785862468864        10.340222297006390     
  -1349.9030933393640        17.638425286967095        10.581775816826493     
  -1288.5438618239386        17.154572200005443        10.822264313451697     
  -1227.1846303085129        16.629392246050905        11.062067160033555     
  -1165.8253987930871        16.064150629612900        11.300469274498568     
  -1104.4661672776617        15.460209067254741        11.537517278092707     
  -1043.1069357622359        14.819022507099184        11.773544024392832     
  -981.74770424681037        14.142135623730951        12.007578929550025     
  -920.38847273138470        13.431179096940367        12.239399828744292     
  -859.02924121595902        12.687865683272907        12.468873200813306     
  -797.67000970053346        11.913986089848665        12.693958790977845     
  -736.31077818510778        11.111404660392044        12.912776260704003     
  -674.95154666968199        10.282054883864431        13.122167265035081     
  -613.59231515425643        9.4279347365199513        13.314298775538605     
  -552.23308363883086        8.5511018686056417        13.477230772575492     
  -490.87385212340519        7.6536686473017959        13.589564404183237     
  -429.51462060797951        6.7377970678444026        13.610571518082576     
  -368.15538909255389        5.8056935450892482        13.471704282455930     
  -306.79615757712821        4.8596035980652790        13.056739504590491     
  -245.43692606170259        3.9018064403225656        12.179275349575159     
  -184.07769454627694        2.9346094891072347        10.585364077361579     
  -122.71846303085130        1.9603428065912121        8.0130046702643618     
  -61.359231515425648       0.98135348654836030        4.3745059146421790     
   0.0000000000000000       -0.0000000000000000        1.8952763874914106E-015
   61.359231515425648      -0.98135348654836030       -4.3745059146421772     
   122.71846303085130       -1.9603428065912121       -8.0130046702643618     
   184.07769454627694       -2.9346094891072347       -10.585364077361582     
   245.43692606170259       -3.9018064403225656       -12.179275349575157     
   306.79615757712821       -4.8596035980652790       -13.056739504590492     
   368.15538909255389       -5.8056935450892482       -13.471704282455926     
   429.51462060797951       -6.7377970678444026       -13.610571518082573     
   490.87385212340519       -7.6536686473017959       -13.589564404183236     
   552.23308363883086       -8.5511018686056417       -13.477230772575490     
   613.59231515425643       -9.4279347365199513       -13.314298775538605     
   674.95154666968199       -10.282054883864431       -13.122167265035083     
   736.31077818510778       -11.111404660392044       -12.912776260703996     
   797.67000970053346       -11.913986089848665       -12.693958790977845     
   859.02924121595902       -12.687865683272907       -12.468873200813306     
   920.38847273138470       -13.431179096940367       -12.239399828744292     
   981.74770424681037       -14.142135623730951       -12.007578929550025     
   1043.1069357622359       -14.819022507099184       -11.773544024392830     
   1104.4661672776617       -15.460209067254741       -11.537517278092709     
   1165.8253987930871       -16.064150629612900       -11.300469274498571     
   1227.1846303085129       -16.629392246050905       -11.062067160033557     
   1288.5438618239386       -17.154572200005443       -10.822264313451697     
   1349.9030933393640       -17.638425286967095       -10.581775816826497     
   1411.2623248547898       -18.079785862468864       -10.340222297006394     
   1472.6215563702156       -18.477590650225732       -10.097514554190548     
   1533.9807878856411       -18.830881303660416       -9.8542680089359358     
   1595.3400194010669       -19.138806714644183       -9.6101228167951565     
   1656.6992509164925       -19.400625063890882       -9.3649827069848648     
   1718.0584824319180       -19.615705608064612       -9.1194033011692959     
   1779.4177139473438       -19.783530199295619       -8.8730517338453581     
   1840.7769454627694       -19.903694533443936       -8.6258292045445302     
   1902.1361769781952       -19.975909124103449       -8.3782478401835903     
   1963.4954084936207       -19.999999999999996       -8.1299998464587233     
   2024.8546400090463       -19.975909124103449       -7.8809837144430217     
   2086.2138715244719       -19.903694533443932       -7.6316777973590799     
   2147.5731030398974       -19.783530199295619       -7.3817963910621636     
   2208.9323345553235       -19.615705608064612       -7.1312346021232225     
   2270.2915660707490       -19.400625063890885       -6.8804439043993009     
   2331.6507975861741       -19.138806714644183       -6.6291579734726804     
   2393.0100291016001       -18.830881303660419       -6.3772679544691400     
   2454.3692606170257       -18.477590650225736       -6.1252036891350325     
   2515.7284921324513       -18.079785862468867       -5.8727159447291104     
   2577.0877236478773       -17.638425286967099       -5.6196914524202910     
   2638.4469551633028       -17.154572200005443       -5.3665425682464942     
   2699.8061866787280       -16.629392246050909       -5.1130352403038675     
   2761.1654181941544       -16.064150629612900       -4.8590514133405982     
   2822.5246497095795       -15.460209067254745       -4.6049893265607205     
   2883.8838812250056       -14.819022507099183       -4.3506285086760297     
   2945.2431127404311       -14.142135623730955       -4.0958457864940696     
   3006.6023442558567       -13.431179096940371       -3.8410280884179446     
   3067.9615757712822       -12.687865683272907       -3.5859671758451306     
   3129.3208072867083       -11.913986089848667       -3.3305344393026317     
   3190.6800388021338       -11.111404660392042       -3.0751078906944764     
   3252.0392703175589       -10.282054883864433       -2.8194903814832957     
   3313.3985018329849       -9.4279347365199566       -2.5635475411161650     
   3374.7577333484105       -8.5511018686056399       -2.3076505583402342     
   3436.1169648638361       -7.6536686473017976       -2.0516124001470377     
   3497.4761963792616       -6.7377970678444061       -1.7952925889198426     
   3558.8354278946877       -5.8056935450892482       -1.5390573669414831     
   3620.1946594101132       -4.8596035980652816       -1.2827289807488267     
   3681.5538909255388       -3.9018064403225723       -1.0261604664344919     
   3742.9131224409643       -2.9346094891072361      -0.76971484668935286     
   3804.2723539563904       -1.9603428065912165      -0.51322292654972967     
   3865.6315854718159      -0.98135348654835930      -0.25653083242872032     
