           1   2.4492935982947065E-015  -1.6084975253315165E-015
           2  0.98135348654835952       0.25735937186677171     
           3   1.9603428065912167       0.51487919534368531     
           4   2.9346094891072361       0.77219748395717591     
           5   3.9018064403225723        1.0294672941159542     
           6   4.8596035980652816        1.2868570061700684     
           7   5.8056935450892482        1.5440030382666396     
           8   6.7377970678444061        1.8010515183751838     
           9   7.6536686473017976        2.0581793687388634     
          10   8.5511018686056399        2.3150197707520492     
          11   9.4279347365199566        2.5717123351390523     
          12   10.282054883864433        2.8284432340441183     
          13   11.111404660392042        3.0848406755229929     
          14   11.913986089848667        3.3410381190025262     
          15   12.687865683272907        3.5972318079127827     
          16   13.431179096940371        3.8530430890822069     
          17   14.142135623730955        4.1085996015930499     
          18   14.819022507099183        4.3641086177956563     
          19   15.460209067254745        4.6191825165479745     
          20   16.064150629612900        4.8739434237452386     
          21   16.629392246050909        5.1286107630984352     
          22   17.154572200005443        5.3827855346170264     
          23   17.638425286967099        5.6365846479312109     
          24   18.079785862468867        5.8902410012401685     
          25   18.477590650225736        6.1433413885544024     
          26   18.830881303660419        6.3959978079092066     
          27   19.138806714644183        6.6484582008551136     
          28   19.400625063890885        6.9002917588580317     
          29   19.615705608064612        7.1516059060772603     
          30   19.783530199295619        7.4026654974239268     
          31   19.903694533443932        7.6530179380759193     
          32   19.975909124103449        7.9027664843193222     
          33   19.999999999999996        8.1521951375198434     
          34   19.975909124103449        8.4008242171452672     
          35   19.903694533443936        8.6487533237486307     
          36   19.783530199295619        8.8962882384485713     
          37   19.615705608064612        9.1429152243475293     
          38   19.400625063890882        9.3887308070692228     
          39   19.138806714644183        9.6340654137708910     
          40   18.830881303660416        9.8783614107947670     
          41   18.477590650225732        10.121712276737160     
          42   18.079785862468864        10.364474807217949     
          43   17.638425286967095        10.606030963468585     
          44   17.154572200005443        10.846466372816815     
          45   16.629392246050905        11.086156419195351     
          46   16.064150629612900        11.324382413016060     
          47   15.460209067254741        11.561186125196143     
          48   14.819022507099184        11.796894853401158     
          49   14.142135623730951        12.030532678761730     
          50   13.431179096940367        12.261870378957099     
          51   12.687865683272907        12.490766203062257     
          52   11.913986089848665        12.715171631912781     
          53   11.111404660392044        12.933195758902954     
          54   10.282054883864431        13.141668153994718     
          55   9.4279347365199513        13.332743942148419     
          56   8.5511018686056417        13.494469275047823     
          57   7.6536686473017959        13.605431400478796     
          58   6.7377970678444026        13.624891774368127     
          59   5.8056935450892482        13.484294850372841     
          60   4.8596035980652790        13.067418462909293     
          61   3.9018064403225656        12.187881012507908     
          62   2.9346094891072347        10.591781907180801     
          63   1.9603428065912121        8.0172058855832873     
          64  0.98135348654836030        4.3765607039393792     
          65  -0.0000000000000000        1.6785931406873408E-016
          66 -0.98135348654836030       -4.3765607039393792     
          67  -1.9603428065912121       -8.0172058855832873     
          68  -2.9346094891072347       -10.591781907180803     
          69  -3.9018064403225656       -12.187881012507905     
          70  -4.8596035980652790       -13.067418462909291     
          71  -5.8056935450892482       -13.484294850372835     
          72  -6.7377970678444026       -13.624891774368121     
          73  -7.6536686473017959       -13.605431400478793     
          74  -8.5511018686056417       -13.494469275047820     
          75  -9.4279347365199513       -13.332743942148417     
          76  -10.282054883864431       -13.141668153994722     
          77  -11.111404660392044       -12.933195758902951     
          78  -11.913986089848665       -12.715171631912785     
          79  -12.687865683272907       -12.490766203062252     
          80  -13.431179096940367       -12.261870378957095     
          81  -14.142135623730951       -12.030532678761730     
          82  -14.819022507099184       -11.796894853401154     
          83  -15.460209067254741       -11.561186125196143     
          84  -16.064150629612900       -11.324382413016060     
          85  -16.629392246050905       -11.086156419195355     
          86  -17.154572200005443       -10.846466372816812     
          87  -17.638425286967095       -10.606030963468587     
          88  -18.079785862468864       -10.364474807217947     
          89  -18.477590650225732       -10.121712276737158     
          90  -18.830881303660416       -9.8783614107947635     
          91  -19.138806714644183       -9.6340654137708910     
          92  -19.400625063890882       -9.3887308070692228     
          93  -19.615705608064612       -9.1429152243475293     
          94  -19.783530199295619       -8.8962882384485713     
          95  -19.903694533443936       -8.6487533237486325     
          96  -19.975909124103449       -8.4008242171452672     
          97  -19.999999999999996       -8.1521951375198434     
          98  -19.975909124103449       -7.9027664843193248     
          99  -19.903694533443932       -7.6530179380759176     
         100  -19.783530199295619       -7.4026654974239268     
         101  -19.615705608064612       -7.1516059060772612     
         102  -19.400625063890885       -6.9002917588580326     
         103  -19.138806714644183       -6.6484582008551172     
         104  -18.830881303660419       -6.3959978079092110     
         105  -18.477590650225736       -6.1433413885544015     
         106  -18.079785862468867       -5.8902410012401667     
         107  -17.638425286967099       -5.6365846479312065     
         108  -17.154572200005443       -5.3827855346170228     
         109  -16.629392246050909       -5.1286107630984281     
         110  -16.064150629612900       -4.8739434237452386     
         111  -15.460209067254745       -4.6191825165479781     
         112  -14.819022507099183       -4.3641086177956634     
         113  -14.142135623730955       -4.1085996015930526     
         114  -13.431179096940371       -3.8530430890822132     
         115  -12.687865683272907       -3.5972318079127854     
         116  -11.913986089848667       -3.3410381190025262     
         117  -11.111404660392042       -3.0848406755230000     
         118  -10.282054883864433       -2.8284432340441201     
         119  -9.4279347365199566       -2.5717123351390550     
         120  -8.5511018686056399       -2.3150197707520528     
         121  -7.6536686473017976       -2.0581793687388679     
         122  -6.7377970678444061       -1.8010515183751830     
         123  -5.8056935450892482       -1.5440030382666405     
         124  -4.8596035980652816       -1.2868570061700648     
         125  -3.9018064403225723       -1.0294672941159542     
         126  -2.9346094891072361      -0.77219748395717325     
         127  -1.9603428065912165      -0.51487919534368576     
         128 -0.98135348654835930      -0.25735937186677038     
