           0   148.61124674966248        3183887.0088429293     
           1   65.626716655981582        659413.39660202805     
           2   20.697882170128331        83220.649931881271     
           3   8.1317566414050475        24437.559411346894     
           4   5.2369049842494810        6363.4311737269518     
           5   2.0810216864983029        113.32806900011025     
           6   1.5387103754503504        325.38514908084522     
           7   1.4205996511840138        145.29760403552632     
           8   1.2642195256330491        73.235476043629134     
           9   1.0646963044627324        10.767520678287436     
          10  0.83451163928591388        1443.9271160682549     
          11  0.80117239386976846        9.7407214192067606     
          12  0.76753126908855140        2.2047108327381570     
          13  0.64752652764843566       0.63040020474318248     
          14  0.64745430163516915       0.49571824700249723     
          15  0.64490076948990405        16.911744607088185     
          16  0.64185298413438352       0.31839322292981420     
          17  0.62028778151971375       0.10480135395370047     
          18  0.62028556360018150        5.6587538577349116E-003
          19  0.62027706126908022        3.5183279091525438E-002
          20  0.62007216472305327        2.5777685097001157E-003
