           0   305.24227360877268        11664856.653709508     
           1   130.67007729910037        2670471.7661489598     
           2   44.301743851607753        345680.48504464823     
           3   18.496331175263762        95269.093035589161     
           4   12.803383667557453        33468.588260003540     
           5   6.1661857809485650        942.01671033320793     
           6   4.0353714425669658        1308.0605035980539     
           7   3.7545867359103324        1092.8000151671224     
           8   3.2735498505612957        600.73998685131630     
           9   2.7689744801894118        109.94504478333168     
          10   1.8796009886669434        91.765567744438727     
          11   1.8772792206722693        117.29447009613750     
          12   1.7701967503344109        43.713129152905331     
          13   1.1997396433860235        5.4114359483459351     
          14   1.1698778394007971        431.43930444388917     
          15   1.1449398244975195        10.278003402906890     
          16   1.1430031521561921        38.353155813244420     
          17   1.0545252634711035       0.16203699074856989     
          18   1.0428759375092145        61.382670619789565     
          19   1.0419024500192509        20.077791252342909     
          20   1.0402195251578490       0.72417997213013219     
