           1  0.63914463346310413       -2.1662997207517566E-015  -9.1212400055664555E-002
           2   1.0700319957783933       0.40420256917139152       0.31004652257741494     
           3   1.5020525586142512       0.80861287286283900       0.71229384798742323     
           4   1.9351225926936744        1.2125829246782249        1.1149436449204400     
           5   2.3690417544578901        1.6163061511476196        1.5182681054501774     
           6   2.8037530914464988        2.0200039304746955        1.9223437369492089     
           7   3.2391089228902867        2.4230245902667997        2.3265291723564117     
           8   3.6748419204283564        2.8255464561543127        2.7310417318205147     
           9   4.1108308278815660        3.2278039442806890        3.1359336499581589     
          10   4.5468706879172363        3.6291378481628449        3.5405222937059886     
          11   4.9826364354379749        4.0297103945004169        3.9449893195749599     
          12   5.4179547757512445        4.4297684164790523        4.3493827799984475     
          13   5.8525774442310308        4.8286409847173362        4.7529963020024919     
          14   6.2861365877876008        5.2264729298403036        5.1559962292516675     
          15   6.7184233372364526        5.6235227770390237        5.5584456191750631     
          16   7.1491628103289022        6.0191031297015929        5.9596286383160253     
          17   7.5779605831133008        6.4133397002923065        6.3597119515647496     
          18   8.0045886983182459        6.8065017567185571        6.7587867939210566     
          19   8.4287611537738503        7.1978798573087666        7.1561345200041053     
          20   8.8500707990122223        7.5875782702796100        7.5519296807069480     
          21   9.2682837587750129        7.9758756569291860        7.9462963689724653     
          22   9.6831140983035802        8.3620337372332116        8.3385103418040813     
          23   10.094150441886381        8.7461321380978099        8.7287526374643463     
          24   10.501160004884632        9.1284568922452713        9.1171761046886175     
          25   10.903860928708445        9.5082323201857299        9.5030386483753588     
          26   11.301837757245620        9.8855089247597832        9.8865178994174876     
          27   11.694856443637914        10.260576972907042        10.267783133238105     
          28   12.082632466237857        10.632612219517934        10.646052898524346     
          29   12.464734013909979        11.001629603516037        11.021483311247671     
          30   12.840909517330696        11.367918623771208        11.394239412732521     
          31   13.210849135987809        11.730591367328016        11.763468750231748     
          32   13.574074211754304        12.089617674087549        12.129278679535020     
          33   13.930279285766350        12.445278077866673        12.491799618486720     
          34   14.279084105126122        12.796599728495314        12.850064161904054     
          35   14.619907954532598        13.143492698745089        13.204092894971529     
          36   14.952329245722858        13.486214677145142        13.553939901065146     
          37   15.275825277770753        13.823676456334489        13.898464758306888     
          38   15.589631024357438        14.155704635109007        14.237552454221245     
          39   15.893121866050061        14.482509504602628        14.571128453028319     
          40   16.185539297404567        14.802836221824101        14.897808130366229     
          41   16.465835876330146        15.116386980815436        15.217284994877510     
          42   16.733090393132759        15.423278481954775        15.529297079786291     
          43   16.986218322315001        15.722006476304458        15.832133680678087     
          44   17.223805764403458        16.012071199188846        16.125236995793021     
          45   17.444567513139447        16.293400421915475        16.408089148993007     
          46   17.647034393103596        16.564080271514136        16.678545037682824     
          47   17.829369310011561        16.823240066206125        16.935701889722445     
          48   17.989862983432886        17.070390802233433        17.178643110100214     
          49   18.126554755236675        17.302840018118975        17.404532094320224     
          50   18.236974229969540        17.518889110960629        17.611789478192247     
          51   18.318595418339552        17.716946290199516        17.798520691082366     
          52   18.368219762743859        17.892409275981780        17.960164899616665     
          53   18.381402490561285        18.041075826730523        18.092833325826806     
          54   18.352496709048658        18.157438936441096        18.190747514450209     
          55   18.273134265549558        18.230063054202290        18.242440712131970     
          56   18.130314287058646        18.243833086712630        18.232719816502470     
          57   17.904380864803539        18.174122952482449        18.135565660117315     
          58   17.563858829754786        17.975080693782036        17.903123430513602     
          59   17.058284017313696        17.571877889173805        17.457078497818497     
          60   16.309313472167709        16.836455360902949        16.662837505465088     
          61   15.198928412032027        15.556325396435282        15.301116057148228     
          62   13.565343721612724        13.431107567690074        13.069623338982728     
          63   11.226374483197763        10.132119579808176        9.6551890893021799     
          64   8.0550909977563485        5.5252190534778833        4.9720198208774953     
          65   4.1132787895750695       -5.7190133995522575E-015 -0.53121354198543436     
          66 -0.24935678874756018       -5.5252190534778967       -5.9270245060496007     
          67  -4.4827936831383290       -10.132119579808187       -10.355402285207314     
          68  -8.0979474978068495       -13.431107567690086       -13.495387938841858     
          69  -10.872629027249797       -15.556325396435284       -15.509453018610118     
          70  -12.845405699726516       -16.836455360902953       -16.721678406880695     
          71  -14.182727873570366       -17.571877889173805       -17.419446893984791     
          72  -15.066184933231803       -17.975080693782036       -17.803322098384346     
          73  -15.641986730070007       -18.174122952482449       -17.993493141291715     
          74  -16.011732788931255       -18.243833086712630       -18.060887698204468     
          75  -16.241884798346369       -18.230063054202287       -18.048668771389430     
          76  -16.374815722244822       -18.157438936441096       -17.979928741500629     
          77  -16.436778308915095       -18.041075826730523       -17.869407446903431     
          78  -16.444698079663695       -17.892409275981777       -17.727895214886995     
          79  -16.409855751772199       -17.716946290199509       -17.560530414401637     
          80  -16.339545217359507       -17.518889110960622       -17.371675869134926     
          81  -16.239124605024344       -17.302840018118971       -17.165630648279937     
          82  -16.112700005649380       -17.070390802233433       -16.943789723546793     
          83  -15.963092611479945       -16.823240066206125       -16.708004755612887     
          84  -15.792719732333801       -16.564080271514133       -16.460661704311999     
          85  -15.603647536539953       -16.293400421915475       -16.202007899517564     
          86  -15.397275341760231       -16.012071199188846       -15.932962472045499     
          87  -15.174941440548974       -15.722006476304458       -15.655082970541457     
          88  -14.937866526555002       -15.423278481954771       -15.368156837404271     
          89  -14.686823833310958       -15.116386980815431       -15.072681423504882     
          90  -14.422651245233899       -14.802836221824094       -14.769821243582260     
          91  -14.146178370168236       -14.482509504602628       -14.459210986114677     
          92  -13.857913086648857       -14.155704635109004       -14.141187524665149     
          93  -13.558494108723622       -13.823676456334489       -13.816762316447655     
          94  -13.248612985019458       -13.486214677145137       -13.485582010623336     
          95  -12.928711578184030       -13.143492698745090       -13.147961185498989     
          96  -12.599386504089011       -12.796599728495309       -12.804879383936381     
          97  -12.261309148224139       -12.445278077866670       -12.456061013477562     
          98  -11.914930944564594       -12.089617674087554       -12.101845398700434     
          99  -11.560850721180246       -11.730591367328010       -11.743215073338311     
         100  -11.199737858452330       -11.367918623771207       -11.379969056390660     
         101  -10.832046126024583       -11.001629603516033       -11.012459255004957     
         102  -10.458354314158132       -10.632612219517934       -10.641655084062624     
         103  -10.079297338447864       -10.260576972907046       -10.267391492991347     
         104  -9.6952895922836912       -9.8855089247597832       -9.8899942907628819     
         105  -9.3068463984806762       -9.5082323201857317       -9.5103843098814416     
         106  -8.9145257150018669       -9.1284568922452678       -9.1283855435425583     
         107  -8.5186606033725276       -8.7461321380978028       -8.7442565976665634     
         108  -8.1196661124772351       -8.3620337372332045       -8.3588360126727750     
         109  -7.7179923414943179       -7.9758756569291807       -7.9718983689261673     
         110  -7.3138646098422928       -7.5875782702796126       -7.5836051080826588     
         111  -6.9075785218704810       -7.1978798573087692       -7.1946916661627460     
         112  -6.4994641885271927       -6.8065017567185553       -6.8048612760546066     
         113  -6.0896323723582260       -6.4133397002923118       -6.4141656319559424     
         114  -5.6782595412496040       -6.0191031297016000       -6.0232340265446984     
         115  -5.2655627237339253       -5.6235227770390299       -5.6316959606736905     
         116  -4.8515499141533605       -5.2264729298403045       -5.2395000575974393     
         117  -4.4362963817968151       -4.8286409847173415       -4.8471851058280535     
         118  -4.0199294738754450       -4.4297684164790549       -4.4543234275470738     
         119  -3.6023815465591182       -4.0297103945004249       -4.0607847107271224     
         120  -3.1836583238347052       -3.6291378481628476       -3.6670485789348133     
         121  -2.7638327722841822       -3.2278039442806925       -3.2726610799157374     
         122  -2.3427987108785366       -2.8255464561543091       -2.8774486351152024     
         123  -1.9205315969459615       -2.4230245902667953       -2.4818716048217304     
         124  -1.4970904592339789       -2.0200039304746902       -2.0854865441517099     
         125  -1.0723702878779182       -1.6163061511476204       -1.6881144410098159     
         126 -0.64635541477424852       -1.2125829246782240       -1.2902349548137106     
         127 -0.21912857281867559      -0.80861287286283900      -0.89144755197118641     
         128  0.20937966231228700      -0.40420256917139197      -0.49159775470089562     
