           1   2.4492935982947065E-015  -1.6574372913090903E-015
           2  0.98135348654835952       0.25653083242872210     
           3   1.9603428065912167       0.51322292654973323     
           4   2.9346094891072361       0.76971484668935730     
           5   3.9018064403225723        1.0261604664344874     
           6   4.8596035980652816        1.2827289807488294     
           7   5.8056935450892482        1.5390573669414849     
           8   6.7377970678444061        1.7952925889198470     
           9   7.6536686473017976        2.0516124001470351     
          10   8.5511018686056399        2.3076505583402334     
          11   9.4279347365199566        2.5635475411161632     
          12   10.282054883864433        2.8194903814832966     
          13   11.111404660392042        3.0751078906944684     
          14   11.913986089848667        3.3305344393026308     
          15   12.687865683272907        3.5859671758451297     
          16   13.431179096940371        3.8410280884179411     
          17   14.142135623730955        4.0958457864940669     
          18   14.819022507099183        4.3506285086760279     
          19   15.460209067254745        4.6049893265607178     
          20   16.064150629612900        4.8590514133406026     
          21   16.629392246050909        5.1130352403038701     
          22   17.154572200005443        5.3665425682464987     
          23   17.638425286967099        5.6196914524202954     
          24   18.079785862468867        5.8727159447291140     
          25   18.477590650225736        6.1252036891350325     
          26   18.830881303660419        6.3772679544691364     
          27   19.138806714644183        6.6291579734726778     
          28   19.400625063890885        6.8804439043993000     
          29   19.615705608064612        7.1312346021232251     
          30   19.783530199295619        7.3817963910621636     
          31   19.903694533443932        7.6316777973590817     
          32   19.975909124103449        7.8809837144430182     
          33   19.999999999999996        8.1299998464587233     
          34   19.975909124103449        8.3782478401835903     
          35   19.903694533443936        8.6258292045445248     
          36   19.783530199295619        8.8730517338453581     
          37   19.615705608064612        9.1194033011692959     
          38   19.400625063890882        9.3649827069848648     
          39   19.138806714644183        9.6101228167951547     
          40   18.830881303660416        9.8542680089359393     
          41   18.477590650225732        10.097514554190548     
          42   18.079785862468864        10.340222297006390     
          43   17.638425286967095        10.581775816826493     
          44   17.154572200005443        10.822264313451697     
          45   16.629392246050905        11.062067160033555     
          46   16.064150629612900        11.300469274498568     
          47   15.460209067254741        11.537517278092707     
          48   14.819022507099184        11.773544024392832     
          49   14.142135623730951        12.007578929550025     
          50   13.431179096940367        12.239399828744292     
          51   12.687865683272907        12.468873200813306     
          52   11.913986089848665        12.693958790977845     
          53   11.111404660392044        12.912776260704003     
          54   10.282054883864431        13.122167265035081     
          55   9.4279347365199513        13.314298775538605     
          56   8.5511018686056417        13.477230772575492     
          57   7.6536686473017959        13.589564404183237     
          58   6.7377970678444026        13.610571518082576     
          59   5.8056935450892482        13.471704282455930     
          60   4.8596035980652790        13.056739504590491     
          61   3.9018064403225656        12.179275349575159     
          62   2.9346094891072347        10.585364077361579     
          63   1.9603428065912121        8.0130046702643618     
          64  0.98135348654836030        4.3745059146421790     
          65  -0.0000000000000000        1.8952763874914106E-015
          66 -0.98135348654836030       -4.3745059146421772     
          67  -1.9603428065912121       -8.0130046702643618     
          68  -2.9346094891072347       -10.585364077361582     
          69  -3.9018064403225656       -12.179275349575157     
          70  -4.8596035980652790       -13.056739504590492     
          71  -5.8056935450892482       -13.471704282455926     
          72  -6.7377970678444026       -13.610571518082573     
          73  -7.6536686473017959       -13.589564404183236     
          74  -8.5511018686056417       -13.477230772575490     
          75  -9.4279347365199513       -13.314298775538605     
          76  -10.282054883864431       -13.122167265035083     
          77  -11.111404660392044       -12.912776260703996     
          78  -11.913986089848665       -12.693958790977845     
          79  -12.687865683272907       -12.468873200813306     
          80  -13.431179096940367       -12.239399828744292     
          81  -14.142135623730951       -12.007578929550025     
          82  -14.819022507099184       -11.773544024392830     
          83  -15.460209067254741       -11.537517278092709     
          84  -16.064150629612900       -11.300469274498571     
          85  -16.629392246050905       -11.062067160033557     
          86  -17.154572200005443       -10.822264313451697     
          87  -17.638425286967095       -10.581775816826497     
          88  -18.079785862468864       -10.340222297006394     
          89  -18.477590650225732       -10.097514554190548     
          90  -18.830881303660416       -9.8542680089359358     
          91  -19.138806714644183       -9.6101228167951565     
          92  -19.400625063890882       -9.3649827069848648     
          93  -19.615705608064612       -9.1194033011692959     
          94  -19.783530199295619       -8.8730517338453581     
          95  -19.903694533443936       -8.6258292045445302     
          96  -19.975909124103449       -8.3782478401835903     
          97  -19.999999999999996       -8.1299998464587233     
          98  -19.975909124103449       -7.8809837144430217     
          99  -19.903694533443932       -7.6316777973590799     
         100  -19.783530199295619       -7.3817963910621636     
         101  -19.615705608064612       -7.1312346021232225     
         102  -19.400625063890885       -6.8804439043993009     
         103  -19.138806714644183       -6.6291579734726804     
         104  -18.830881303660419       -6.3772679544691400     
         105  -18.477590650225736       -6.1252036891350325     
         106  -18.079785862468867       -5.8727159447291104     
         107  -17.638425286967099       -5.6196914524202910     
         108  -17.154572200005443       -5.3665425682464942     
         109  -16.629392246050909       -5.1130352403038675     
         110  -16.064150629612900       -4.8590514133405982     
         111  -15.460209067254745       -4.6049893265607205     
         112  -14.819022507099183       -4.3506285086760297     
         113  -14.142135623730955       -4.0958457864940696     
         114  -13.431179096940371       -3.8410280884179446     
         115  -12.687865683272907       -3.5859671758451306     
         116  -11.913986089848667       -3.3305344393026317     
         117  -11.111404660392042       -3.0751078906944764     
         118  -10.282054883864433       -2.8194903814832957     
         119  -9.4279347365199566       -2.5635475411161650     
         120  -8.5511018686056399       -2.3076505583402342     
         121  -7.6536686473017976       -2.0516124001470377     
         122  -6.7377970678444061       -1.7952925889198426     
         123  -5.8056935450892482       -1.5390573669414831     
         124  -4.8596035980652816       -1.2827289807488267     
         125  -3.9018064403225723       -1.0261604664344919     
         126  -2.9346094891072361      -0.76971484668935286     
         127  -1.9603428065912165      -0.51322292654972967     
         128 -0.98135348654835930      -0.25653083242872032     
