           0   206.43389336880503        2631198.8232661211     
           1   132.12615705529615        746804.28215164819     
           2   80.275469501539916        109181.89560285506     
           3   63.524282642396756        32519.168411235703     
           4   59.662130841267015        11524.735202596592     
           5   54.358832977828058        381.76674321495153     
           6   53.119443295265484        133.92749694146784     
           7   52.956916479626877        254.68193969258652     
           8   52.826040397719964        173.36757565529498     
           9   52.511300420015502        4.4029410714981330     
          10   52.366573288303840        910.57979352300538     
          11   52.345109752372807        27.541739287907443     
          12   52.210767179848041        5.4351132328904965     
          13   51.633878339192840        4.3456963441359182     
          14   51.631606565915185        22.858935619575039     
          15   51.602509906653772        72.879220309330336     
          16   51.596793827482642       0.28873516917423858     
          17   51.572985783961386       0.23184966059849049     
          18   51.572980619599527        2.5333439311581454E-002
          19   51.572906816239865       0.33307677990490769     
          20   51.569678343044508        5.4660787065024606E-002
