  -3926.9908169872415        2.4492935982947065E-015  -2.1662997207517566E-015
  -3865.6315854718159       0.98135348654835952       0.40420256917139152     
  -3804.2723539563904        1.9603428065912167       0.80861287286283900     
  -3742.9131224409643        2.9346094891072361        1.2125829246782249     
  -3681.5538909255388        3.9018064403225723        1.6163061511476196     
  -3620.1946594101132        4.8596035980652816        2.0200039304746955     
  -3558.8354278946877        5.8056935450892482        2.4230245902667997     
  -3497.4761963792616        6.7377970678444061        2.8255464561543127     
  -3436.1169648638361        7.6536686473017976        3.2278039442806890     
  -3374.7577333484105        8.5511018686056399        3.6291378481628449     
  -3313.3985018329849        9.4279347365199566        4.0297103945004169     
  -3252.0392703175589        10.282054883864433        4.4297684164790523     
  -3190.6800388021338        11.111404660392042        4.8286409847173362     
  -3129.3208072867083        11.913986089848667        5.2264729298403036     
  -3067.9615757712822        12.687865683272907        5.6235227770390237     
  -3006.6023442558567        13.431179096940371        6.0191031297015929     
  -2945.2431127404311        14.142135623730955        6.4133397002923065     
  -2883.8838812250056        14.819022507099183        6.8065017567185571     
  -2822.5246497095795        15.460209067254745        7.1978798573087666     
  -2761.1654181941544        16.064150629612900        7.5875782702796100     
  -2699.8061866787280        16.629392246050909        7.9758756569291860     
  -2638.4469551633028        17.154572200005443        8.3620337372332116     
  -2577.0877236478773        17.638425286967099        8.7461321380978099     
  -2515.7284921324513        18.079785862468867        9.1284568922452713     
  -2454.3692606170257        18.477590650225736        9.5082323201857299     
  -2393.0100291016001        18.830881303660419        9.8855089247597832     
  -2331.6507975861741        19.138806714644183        10.260576972907042     
  -2270.2915660707490        19.400625063890885        10.632612219517934     
  -2208.9323345553235        19.615705608064612        11.001629603516037     
  -2147.5731030398974        19.783530199295619        11.367918623771208     
  -2086.2138715244719        19.903694533443932        11.730591367328016     
  -2024.8546400090463        19.975909124103449        12.089617674087549     
  -1963.4954084936207        19.999999999999996        12.445278077866673     
  -1902.1361769781952        19.975909124103449        12.796599728495314     
  -1840.7769454627694        19.903694533443936        13.143492698745089     
  -1779.4177139473438        19.783530199295619        13.486214677145142     
  -1718.0584824319180        19.615705608064612        13.823676456334489     
  -1656.6992509164925        19.400625063890882        14.155704635109007     
  -1595.3400194010669        19.138806714644183        14.482509504602628     
  -1533.9807878856411        18.830881303660416        14.802836221824101     
  -1472.6215563702156        18.477590650225732        15.116386980815436     
  -1411.2623248547898        18.079785862468864        15.423278481954775     
  -1349.9030933393640        17.638425286967095        15.722006476304458     
  -1288.5438618239386        17.154572200005443        16.012071199188846     
  -1227.1846303085129        16.629392246050905        16.293400421915475     
  -1165.8253987930871        16.064150629612900        16.564080271514136     
  -1104.4661672776617        15.460209067254741        16.823240066206125     
  -1043.1069357622359        14.819022507099184        17.070390802233433     
  -981.74770424681037        14.142135623730951        17.302840018118975     
  -920.38847273138470        13.431179096940367        17.518889110960629     
  -859.02924121595902        12.687865683272907        17.716946290199516     
  -797.67000970053346        11.913986089848665        17.892409275981780     
  -736.31077818510778        11.111404660392044        18.041075826730523     
  -674.95154666968199        10.282054883864431        18.157438936441096     
  -613.59231515425643        9.4279347365199513        18.230063054202290     
  -552.23308363883086        8.5511018686056417        18.243833086712630     
  -490.87385212340519        7.6536686473017959        18.174122952482449     
  -429.51462060797951        6.7377970678444026        17.975080693782036     
  -368.15538909255389        5.8056935450892482        17.571877889173805     
  -306.79615757712821        4.8596035980652790        16.836455360902949     
  -245.43692606170259        3.9018064403225656        15.556325396435282     
  -184.07769454627694        2.9346094891072347        13.431107567690074     
  -122.71846303085130        1.9603428065912121        10.132119579808176     
  -61.359231515425648       0.98135348654836030        5.5252190534778833     
   0.0000000000000000       -0.0000000000000000       -5.7190133995522575E-015
   61.359231515425648      -0.98135348654836030       -5.5252190534778967     
   122.71846303085130       -1.9603428065912121       -10.132119579808187     
   184.07769454627694       -2.9346094891072347       -13.431107567690086     
   245.43692606170259       -3.9018064403225656       -15.556325396435284     
   306.79615757712821       -4.8596035980652790       -16.836455360902953     
   368.15538909255389       -5.8056935450892482       -17.571877889173805     
   429.51462060797951       -6.7377970678444026       -17.975080693782036     
   490.87385212340519       -7.6536686473017959       -18.174122952482449     
   552.23308363883086       -8.5511018686056417       -18.243833086712630     
   613.59231515425643       -9.4279347365199513       -18.230063054202287     
   674.95154666968199       -10.282054883864431       -18.157438936441096     
   736.31077818510778       -11.111404660392044       -18.041075826730523     
   797.67000970053346       -11.913986089848665       -17.892409275981777     
   859.02924121595902       -12.687865683272907       -17.716946290199509     
   920.38847273138470       -13.431179096940367       -17.518889110960622     
   981.74770424681037       -14.142135623730951       -17.302840018118971     
   1043.1069357622359       -14.819022507099184       -17.070390802233433     
   1104.4661672776617       -15.460209067254741       -16.823240066206125     
   1165.8253987930871       -16.064150629612900       -16.564080271514133     
   1227.1846303085129       -16.629392246050905       -16.293400421915475     
   1288.5438618239386       -17.154572200005443       -16.012071199188846     
   1349.9030933393640       -17.638425286967095       -15.722006476304458     
   1411.2623248547898       -18.079785862468864       -15.423278481954771     
   1472.6215563702156       -18.477590650225732       -15.116386980815431     
   1533.9807878856411       -18.830881303660416       -14.802836221824094     
   1595.3400194010669       -19.138806714644183       -14.482509504602628     
   1656.6992509164925       -19.400625063890882       -14.155704635109004     
   1718.0584824319180       -19.615705608064612       -13.823676456334489     
   1779.4177139473438       -19.783530199295619       -13.486214677145137     
   1840.7769454627694       -19.903694533443936       -13.143492698745090     
   1902.1361769781952       -19.975909124103449       -12.796599728495309     
   1963.4954084936207       -19.999999999999996       -12.445278077866670     
   2024.8546400090463       -19.975909124103449       -12.089617674087554     
   2086.2138715244719       -19.903694533443932       -11.730591367328010     
   2147.5731030398974       -19.783530199295619       -11.367918623771207     
   2208.9323345553235       -19.615705608064612       -11.001629603516033     
   2270.2915660707490       -19.400625063890885       -10.632612219517934     
   2331.6507975861741       -19.138806714644183       -10.260576972907046     
   2393.0100291016001       -18.830881303660419       -9.8855089247597832     
   2454.3692606170257       -18.477590650225736       -9.5082323201857317     
   2515.7284921324513       -18.079785862468867       -9.1284568922452678     
   2577.0877236478773       -17.638425286967099       -8.7461321380978028     
   2638.4469551633028       -17.154572200005443       -8.3620337372332045     
   2699.8061866787280       -16.629392246050909       -7.9758756569291807     
   2761.1654181941544       -16.064150629612900       -7.5875782702796126     
   2822.5246497095795       -15.460209067254745       -7.1978798573087692     
   2883.8838812250056       -14.819022507099183       -6.8065017567185553     
   2945.2431127404311       -14.142135623730955       -6.4133397002923118     
   3006.6023442558567       -13.431179096940371       -6.0191031297016000     
   3067.9615757712822       -12.687865683272907       -5.6235227770390299     
   3129.3208072867083       -11.913986089848667       -5.2264729298403045     
   3190.6800388021338       -11.111404660392042       -4.8286409847173415     
   3252.0392703175589       -10.282054883864433       -4.4297684164790549     
   3313.3985018329849       -9.4279347365199566       -4.0297103945004249     
   3374.7577333484105       -8.5511018686056399       -3.6291378481628476     
   3436.1169648638361       -7.6536686473017976       -3.2278039442806925     
   3497.4761963792616       -6.7377970678444061       -2.8255464561543091     
   3558.8354278946877       -5.8056935450892482       -2.4230245902667953     
   3620.1946594101132       -4.8596035980652816       -2.0200039304746902     
   3681.5538909255388       -3.9018064403225723       -1.6163061511476204     
   3742.9131224409643       -2.9346094891072361       -1.2125829246782240     
   3804.2723539563904       -1.9603428065912165      -0.80861287286283900     
   3865.6315854718159      -0.98135348654835930      -0.40420256917139197     
