  -3926.9908169872415       0.41177869394621247       -1.6574372913090903E-015  -1.8828564441998707E-002
  -3865.6315854718159       0.67880629464975994       0.25653083242872210       0.22862438443002819     
  -3804.2723539563904       0.94585234061509982       0.51322292654973323       0.47624389895223818     
  -3742.9131224409643        1.2130635776367640       0.76971484668935730       0.72373846658756236     
  -3681.5538909255388        1.4806432726044281        1.0261604664344874       0.97118302266116618     
  -3620.1946594101132        1.7481989947514971        1.2827289807488294        1.2188434654763816     
  -3558.8354278946877        2.0158654512615906        1.5390573669414849        1.4664248736857406     
  -3497.4761963792616        2.2838507469706180        1.7952925889198470        1.7139892361488824     
  -3436.1169648638361        2.5517578582697409        2.0516124001470351        1.9618038386915213     
  -3374.7577333484105        2.8197096295384227        2.3076505583402334        2.2095678759119766     
  -3313.3985018329849        3.0879196845749144        2.5635475411161632        2.4573296401110625     
  -3252.0392703175589        3.3559846326875435        2.8194903814832966        2.7053584055049651     
  -3190.6800388021338        3.6240157847005641        3.0751078906944684        2.9533458802650561     
  -3129.3208072867083        3.8922332772691570        3.3305344393026308        3.2013267414348361     
  -3067.9615757712822        4.1602256813628227        3.5859671758451297        3.4495738462138572     
  -3006.6023442558567        4.4280932198801821        3.8410280884179411        3.6977705389191184     
  -2945.2431127404311        4.6960638246164184        4.0958457864940669        3.9459386409492261     
  -2883.8838812250056        4.9637163492668819        4.3506285086760279        4.1943570186890433     
  -2822.5246497095795        5.2311404442815377        4.6049893265607178        4.4427002072432700     
  -2761.1654181941544        5.4985733810189430        4.8590514133406026        4.6909783332483421     
  -2699.8061866787280        5.7655824805452802        5.1130352403038701        4.9394792700354060     
  -2638.4469551633028        6.0322473546429212        5.3665425682464987        5.1878683335168976     
  -2577.0877236478773        6.2988163977140053        5.6196914524202954        5.4361451672344323     
  -2515.7284921324513        6.5648432951591404        5.8727159447291140        5.6846099196203230     
  -2454.3692606170257        6.8303981179788975        6.1252036891350325        5.9329178598967509     
  -2393.0100291016001        7.0957423890654043        6.3772679544691364        6.1810590429865000     
  -2331.6507975861741        7.3604135833448030        6.6291579734726778        6.4293491487270753     
  -2270.2915660707490        7.6244726360969697        6.8804439043993000        6.6774316880833364     
  -2208.9323345553235        7.8881964153782684        7.1312346021232251        6.9252873718682864     
  -2147.5731030398974        8.1511029033799876        7.3817963910621636        7.1732504481319737     
  -2086.2138715244719        8.4132441496520070        7.6316777973590817        7.4209496206218883     
  -2024.8546400090463        8.6749147881394677        7.8809837144430182        7.6683555952493929     
  -1963.4954084936207        8.9356089992928407        8.1299998464587233        7.9158239160706234     
  -1902.1361769781952        9.1953699681546688        8.3782478401835903        8.1629636481048458     
  -1840.7769454627694        9.4545127061881278        8.6258292045445248        8.4097337658092020     
  -1779.4177139473438        9.7125017955756050        8.8730517338453581        8.6565135648630491     
  -1718.0584824319180        9.9693712459257569        9.1194033011692959        8.9028853336960942     
  -1656.6992509164925        10.225459193961514        9.3649827069848648        9.1487933857414685     
  -1595.3400194010669        10.480192608615670        9.6101228167951547        9.3946429725329459     
  -1533.9807878856411        10.733595464385534        9.8542680089359393        9.6399791669234478     
  -1472.6215563702156        10.986031643645124        10.097514554190548        9.8847268613373558     
  -1411.2623248547898        11.236878862236255        10.340222297006390        10.129318286687653     
  -1349.9030933393640        11.486148858304844        10.581775816826493        10.373244210168478     
  -1288.5438618239386        11.734232390699425        10.822264313451697        10.616399406331658     
  -1227.1846303085129        11.980438795590739        11.062067160033555        10.859235618135848     
  -1165.8253987930871        12.224759950292160        11.300469274498568        11.101149722049025     
  -1104.4661672776617        12.467605585916072        11.537517278092707        11.341964679712037     
  -1043.1069357622359        12.708174199242935        11.773544024392832        11.582090255092368     
  -981.74770424681037        12.946401044133621        12.007578929550025        11.820680695414399     
  -920.38847273138470        13.182653800177361        12.239399828744292        12.057264431632602     
  -859.02924121595902        13.415870451695149        12.468873200813306        12.291820086185350     
  -797.67000970053346        13.645719693379625        12.693958790977845        12.522497486603164     
  -736.31077818510778        13.872145709191781        12.912776260704003        12.747226021647396     
  -674.95154666968199        14.093072894866145        13.122167265035081        12.963194007762931     
  -613.59231515425643        14.306626648718755        13.314298775538605        13.163183221041329     
  -552.23308363883086        14.509971520670852        13.477230772575492        13.335776238359147     
  -490.87385212340519        14.695616755137213        13.589564404183237        13.461428806666527     
  -429.51462060797951        14.852270584687638        13.610571518082576        13.502696856077470     
  -368.15538909255389        14.959923438692732        13.471704282455930        13.396088693396178     
  -306.79615757712821        14.979699970663471        13.056739504590491        13.034748922670373     
  -245.43692606170259        14.845711832248565        12.179275349575159        12.245336069971131     
  -184.07769454627694        14.445124491675829        10.585364077361579        10.786068310164570     
  -122.71846303085130        13.593337334848430        8.0130046702643618        8.3941105230248567     
  -61.359231515425648        12.032828933520044        4.3745059146421790        4.9438791910777837     
   0.0000000000000000        9.4864683135534502        1.8952763874914106E-015  0.68971361404790188     
   61.359231515425648        5.8375919067660345       -4.3745059146421772       -3.6892155492505667     
   122.71846303085130        1.3909598142502702       -8.0130046702643618       -7.4389016936235626     
   184.07769454627694       -3.1116580038947594       -10.585364077361582       -10.159904133449395     
   245.43692606170259       -6.8973345530970143       -12.179275349575157       -11.884383065605856     
   306.79615757712821       -9.5991637949300603       -13.056739504590492       -12.856154785629975     
   368.15538909255389       -11.290437672468851       -13.471704282455926       -13.332045231884999     
   429.51462060797951       -12.236022590348568       -13.610571518082573       -13.507721487040300     
   490.87385212340519       -12.697809534474235       -13.589564404183236       -13.508441268340034     
   552.23308363883086       -12.869666986528969       -13.477230772575490       -13.408408495439662     
   613.59231515425643       -12.872922506506068       -13.314298775538605       -13.252032997579601     
   674.95154666968199       -12.779041462185734       -13.122167265035083       -13.063317981997601     
   736.31077818510778       -12.630675165467451       -12.912776260703996       -12.855232961625928     
   797.67000970053346       -12.450315281724407       -12.693958790977845       -12.636331025150046     
   859.02924121595902       -12.250409976949955       -12.468873200813306       -12.410486935336943     
   920.38847273138470       -12.039287553312473       -12.239399828744292       -12.179596486517983     
   981.74770424681037       -11.820390060412057       -12.007578929550025       -11.945834081500493     
   1043.1069357622359       -11.595685959816016       -11.773544024392830       -11.709661373993878     
   1104.4661672776617       -11.367444484029315       -11.537517278092709       -11.471157914624499     
   1165.8253987930871       -11.135927675191915       -11.300469274498571       -11.231330154729674     
   1227.1846303085129       -10.901371353871045       -11.062067160033557       -10.990084629188722     
   1288.5438618239386       -10.664906476701821       -10.822264313451697       -10.747227255797400     
   1349.9030933393640       -10.426285852763474       -10.581775816826497       -10.503496613910311     
   1411.2623248547898       -10.185458956582561       -10.340222297006394       -10.258724005937182     
   1472.6215563702156       -9.9432712504542344       -10.097514554190548       -10.012690554333467     
   1533.9807878856411       -9.6994098936628284       -9.8542680089359358       -9.7660358263543650     
   1595.3400194010669       -9.4537748228982164       -9.6101228167951565       -9.5185957078886805     
   1656.6992509164925       -9.2070923711164330       -9.3649827069848648       -9.2701616463860201     
   1718.0584824319180       -8.9590568341799361       -9.1194033011692959       -9.0213140500967910     
   1779.4177139473438       -8.7095560051826713       -8.8730517338453581       -8.7719044603038299     
   1840.7769454627694       -8.4592409235904373       -8.6258292045445302       -8.5217350196855328     
   1902.1361769781952       -8.2078229042647415       -8.3782478401835903       -8.2713409199776873     
   1963.4954084936207       -7.9551821280641857       -8.1299998464587233       -8.0205881622728157     
   2024.8546400090463       -7.7019126491688219       -7.8809837144430217       -7.7692849150369154     
   2086.2138715244719       -7.4477420485312589       -7.6316777973590799       -7.5179281582524000     
   2147.5731030398974       -7.1925424336332417       -7.3817963910621636       -7.2663949854083913     
   2208.9323345553235       -6.9368619814605985       -7.1312346021232225       -7.0144947784766147     
   2270.2915660707490       -6.6804424003310654       -6.8804439043993009       -6.7626906044752548     
   2331.6507975861741       -6.4231469654865840       -6.6291579734726804       -6.5108671412315662     
   2393.0100291016001       -6.1654861372293688       -6.3772679544691400       -6.2588308200591403     
   2454.3692606170257       -5.9072139266385078       -6.1252036891350325       -6.0070137845256850     
   2515.7284921324513       -5.6481844477039598       -5.8727159447291104       -5.7553052051772591     
   2577.0877236478773       -5.3888770289461938       -5.6196914524202910       -5.5035052016998680     
   2638.4469551633028       -5.1290567507923948       -5.3665425682464942       -5.2520174013909031     
   2699.8061866787280       -4.8685686972012157       -5.1130352403038675       -5.0007330559116738     
   2761.1654181941544       -4.6078666790069347       -4.8590514133405982       -4.7494435011757989     
   2822.5246497095795       -4.3467261785328333       -4.6049893265607205       -4.4985261674566583     
   2883.8838812250056       -4.0849837453215567       -4.3506285086760297       -4.2478728393495544     
   2945.2431127404311       -3.8230726283567922       -4.0958457864940696       -3.9972645657019159     
   3006.6023442558567       -3.5607785083064218       -3.8410280884179446       -3.7470551665377858     
   3067.9615757712822       -3.2979301405079857       -3.5859671758451306       -3.4971363977175391     
   3129.3208072867083       -3.0349446740580355       -3.3305344393026317       -3.2472785319847821     
   3190.6800388021338       -2.7716181236612947       -3.0751078906944764       -2.9978148579720534     
   3252.0392703175589       -2.5077723118778668       -2.8194903814832957       -2.7486375649269785     
   3313.3985018329849       -2.2438123352220805       -2.5635475411161650       -2.4995066414254934     
   3374.7577333484105       -1.9795448889915450       -2.3076505583402342       -2.2507384947120226     
   3436.1169648638361       -1.7147857262182500       -2.0516124001470377       -2.0022271547178612     
   3497.4761963792616       -1.4499315545337614       -1.7952925889198426       -1.7537236524706685     
   3558.8354278946877       -1.1848001862678696       -1.5390573669414831       -1.5055316592021182     
   3620.1946594101132      -0.91920206122584514       -1.2827289807488267       -1.2575491900097138     
   3681.5538909255388      -0.65352878688099736       -1.0261604664344919       -1.0095202111634833     
   3742.9131224409643      -0.38760971422087387      -0.76971484668935286      -0.76174008143151273     
   3804.2723539563904      -0.12125052763834709      -0.51322292654972967      -0.51411336135572316     
   3865.6315854718159       0.14515934675535025      -0.25653083242872032      -0.26637904471513130     
