  -3926.9908169872415       0.63914463346310413       -2.1662997207517566E-015  -2.9242568526380686E-002
  -3865.6315854718159        1.0700319957783933       0.40420256917139152       0.34765763601407773     
  -3804.2723539563904        1.5020525586142512       0.80861287286283900       0.72529136555116835     
  -3742.9131224409643        1.9351225926936744        1.2125829246782249        1.1033553569970023     
  -3681.5538909255388        2.3690417544578901        1.6163061511476196        1.4821461475698161     
  -3620.1946594101132        2.8037530914464988        2.0200039304746955        1.8620896205681561     
  -3558.8354278946877        3.2391089228902867        2.4230245902667997        2.2427494829676213     
  -3497.4761963792616        3.6748419204283564        2.8255464561543127        2.6242724897879484     
  -3436.1169648638361        4.1108308278815660        3.2278039442806890        3.0069616707225961     
  -3374.7577333484105        4.5468706879172363        3.6291378481628449        3.3902518139100426     
  -3313.3985018329849        4.9826364354379749        4.0297103945004169        3.7741629174921707     
  -3252.0392703175589        5.4179547757512445        4.4297684164790523        4.1589140907128765     
  -3190.6800388021338        5.8525774442310308        4.8286409847173362        4.5438591507411878     
  -3129.3208072867083        6.2861365877876008        5.2264729298403036        4.9289509001625174     
  -3067.9615757712822        6.7184233372364526        5.6235227770390237        5.3143916451916793     
  -3006.6023442558567        7.1491628103289022        6.0191031297015929        5.6995205978321746     
  -2945.2431127404311        7.5779605831133008        6.4133397002923065        6.0842914923265532     
  -2883.8838812250056        8.0045886983182459        6.8065017567185571        6.4689557987140685     
  -2822.5246497095795        8.4287611537738503        7.1978798573087666        6.8528931878168216     
  -2761.1654181941544        8.8500707990122223        7.5875782702796100        7.2361061795068284     
  -2699.8061866787280        9.2682837587750129        7.9758756569291860        7.6189331254757269     
  -2638.4469551633028        9.6831140983035802        8.3620337372332116        8.0008131551505368     
  -2577.0877236478773        10.094150441886381        8.7461321380978099        8.3818037712886220     
  -2515.7284921324513        10.501160004884632        9.1284568922452713        8.7623223338700065     
  -2454.3692606170257        10.903860928708445        9.5082323201857299        9.1418374069799562     
  -2393.0100291016001        11.301837757245620        9.8855089247597832        9.5204183291806999     
  -2331.6507975861741        11.694856443637914        10.260576972907042        9.8985059559916699     
  -2270.2915660707490        12.082632466237857        10.632612219517934        10.275522683725503     
  -2208.9323345553235        12.464734013909979        11.001629603516037        10.651466568910987     
  -2147.5731030398974        12.840909517330696        11.367918623771208        11.026713752916603     
  -2086.2138715244719        13.210849135987809        11.730591367328016        11.400538764682388     
  -2024.8546400090463        13.574074211754304        12.089617674087549        11.772769123766915     
  -1963.4954084936207        13.930279285766350        12.445278077866673        12.143622362383908     
  -1902.1361769781952        14.279084105126122        12.796599728495314        12.512125778358266     
  -1840.7769454627694        14.619907954532598        13.143492698745089        12.877850620509701     
  -1779.4177139473438        14.952329245722858        13.486214677145142        13.240785757801243     
  -1718.0584824319180        15.275825277770753        13.823676456334489        13.599641856590035     
  -1656.6992509164925        15.589631024357438        14.155704635109007        13.953688225343484     
  -1595.3400194010669        15.893121866050061        14.482509504602628        14.302663295476730     
  -1533.9807878856411        16.185539297404567        14.802836221824101        14.644942334321032     
  -1472.6215563702156        16.465835876330146        15.116386980815436        14.979505965111867     
  -1411.2623248547898        16.733090393132759        15.423278481954775        15.305883990519630     
  -1349.9030933393640        16.986218322315001        15.722006476304458        15.622156466922245     
  -1288.5438618239386        17.223805764403458        16.012071199188846        15.927090207075894     
  -1227.1846303085129        17.444567513139447        16.293400421915475        16.220102635009603     
  -1165.8253987930871        17.647034393103596        16.564080271514136        16.499046933098793     
  -1104.4661672776617        17.829369310011561        16.823240066206125        16.762556668736305     
  -1043.1069357622359        17.989862983432886        17.070390802233433        17.009987457796981     
  -981.74770424681037        18.126554755236675        17.302840018118975        17.238890455222709     
  -920.38847273138470        18.236974229969540        17.518889110960629        17.447586555407380     
  -859.02924121595902        18.318595418339552        17.716946290199516        17.634949932955649     
  -797.67000970053346        18.368219762743859        17.892409275981780        17.797325978848836     
  -736.31077818510778        18.381402490561285        18.041075826730523        17.931192670782472     
  -674.95154666968199        18.352496709048658        18.157438936441096        18.032222921680599     
  -613.59231515425643        18.273134265549558        18.230063054202290        18.090664885603100     
  -552.23308363883086        18.130314287058646        18.243833086712630        18.092741041149903     
  -490.87385212340519        17.904380864803539        18.174122952482449        18.015918389300911     
  -429.51462060797951        17.563858829754786        17.975080693782036        17.817477890577720     
  -368.15538909255389        17.058284017313696        17.571877889173805        17.426481332534038     
  -306.79615757712821        16.309313472167709        16.836455360902949        16.722258154020643     
  -245.43692606170259        15.198928412032027        15.556325396435282        15.504663978235319     
  -184.07769454627694        13.565343721612724        13.431107567690074        13.489131808062545     
  -122.71846303085130        11.226374483197763        10.132119579808176        10.359273020856229     
  -61.359231515425648        8.0550909977563485        5.5252190534778833        5.9648162398937705     
   0.0000000000000000        4.1132787895750695       -5.7190133995522575E-015  0.63119318670255442     
   61.359231515425648      -0.24935678874756018       -5.5252190534778967       -4.7980322689326060     
   122.71846303085130       -4.4827936831383290       -10.132119579808187       -9.4229359673993027     
   184.07769454627694       -8.0979474978068495       -13.431107567690086       -12.809422105209961     
   245.43692606170259       -10.872629027249797       -15.556325396435284       -15.038331333489056     
   306.79615757712821       -12.845405699726516       -16.836455360902953       -16.410977511862846     
   368.15538909255389       -14.182727873570366       -17.571877889173805       -17.220468602987001     
   429.51462060797951       -15.066184933231803       -17.975080693782036       -17.680658804589381     
   490.87385212340519       -15.641986730070007       -18.174122952482449       -17.923829802813458     
   552.23308363883086       -16.011732788931255       -18.243833086712630       -18.027860386884768     
   613.59231515425643       -16.241884798346369       -18.230063054202287       -18.040768203783500     
   674.95154666968199       -16.374815722244822       -18.157438936441096       -17.989318530126962     
   736.31077818510778       -16.436778308915095       -18.041075826730523       -17.889745103179411     
   797.67000970053346       -16.444698079663695       -17.892409275981777       -17.754356786037690     
   859.02924121595902       -16.409855751772199       -17.716946290199509       -17.589831021377815     
   920.38847273138470       -16.339545217359507       -17.518889110960622       -17.400900069507166     
   981.74770424681037       -16.239124605024344       -17.302840018118971       -17.192611086324213     
   1043.1069357622359       -16.112700005649380       -17.070390802233433       -16.967273446177622     
   1104.4661672776617       -15.963092611479945       -16.823240066206125       -16.726762306597568     
   1165.8253987930871       -15.792719732333801       -16.564080271514133       -16.473881315894680     
   1227.1846303085129       -15.603647536539953       -16.293400421915475       -16.209466964152327     
   1288.5438618239386       -15.397275341760231       -16.012071199188846       -15.934275647748132     
   1349.9030933393640       -15.174941440548974       -15.722006476304458       -15.650071994061095     
   1411.2623248547898       -14.937866526555002       -15.423278481954771       -15.357018091675894     
   1472.6215563702156       -14.686823833310958       -15.116386980815431       -15.055327948271660     
   1533.9807878856411       -14.422651245233899       -14.802836221824094       -14.746227668311327     
   1595.3400194010669       -14.146178370168236       -14.482509504602628       -14.429583226505297     
   1656.6992509164925       -13.857913086648857       -14.155704635109004       -14.105378560689376     
   1718.0584824319180       -13.558494108723622       -13.823676456334489       -13.774599864075462     
   1779.4177139473438       -13.248612985019458       -13.486214677145137       -13.437048393928904     
   1840.7769454627694       -12.928711578184030       -13.143492698745090       -13.092671798087224     
   1902.1361769781952       -12.599386504089011       -12.796599728495309       -12.742399703905887     
   1963.4954084936207       -12.261309148224139       -12.445278077866670       -12.386100770458199     
   2024.8546400090463       -11.914930944564594       -12.089617674087554       -12.023789068181520     
   2086.2138715244719       -11.560850721180246       -11.730591367328010       -11.656429461937211     
   2147.5731030398974       -11.199737858452330       -11.367918623771207       -11.284010030026385     
   2208.9323345553235       -10.832046126024583       -11.001629603516033       -10.906641593585645     
   2270.2915660707490       -10.458354314158132       -10.632612219517934       -10.525347052753876     
   2331.6507975861741       -10.079297338447864       -10.260576972907046       -10.140228447430573     
   2393.0100291016001       -9.6952895922836912       -9.8855089247597832       -9.7514744832834150     
   2454.3692606170257       -9.3068463984806762       -9.5082323201857317       -9.3601445877673246     
   2515.7284921324513       -8.9145257150018669       -9.1284568922452678       -8.9664147717254341     
   2577.0877236478773       -8.5186606033725276       -8.7461321380978028       -8.5705048056671629     
   2638.4469551633028       -8.1196661124772351       -8.3620337372332045       -8.1734648772472038     
   2699.8061866787280       -7.7179923414943179       -7.9758756569291807       -7.7754874451849787     
   2761.1654181941544       -7.3138646098422928       -7.5875782702796126       -7.3767631506145754     
   2822.5246497095795       -6.9075785218704810       -7.1978798573087692       -6.9782759806213717     
   2883.8838812250056       -6.4994641885271927       -6.8065017567185553       -6.5801706947046075     
   2945.2431127404311       -6.0896323723582260       -6.4133397002923118       -6.1825450462240035     
   3006.6023442558567       -5.6782595412496040       -6.0191031297016000       -5.7862584979968616     
   3067.9615757712822       -5.2655627237339253       -5.6235227770390299       -5.3913470726608512     
   3129.3208072867083       -4.8515499141533605       -5.2264729298403045       -4.9977588856249504     
   3190.6800388021338       -4.4362963817968151       -4.8286409847173415       -4.6061813959388340     
   3252.0392703175589       -4.0199294738754450       -4.4297684164790549       -4.2164974791093623     
   3313.3985018329849       -3.6023815465591182       -4.0297103945004249       -3.8284709236516825     
   3374.7577333484105       -3.1836583238347052       -3.6291378481628476       -3.4425971011128489     
   3436.1169648638361       -2.7638327722841822       -3.2278039442806925       -3.0585949614513659     
   3497.4761963792616       -2.3427987108785366       -2.8255464561543091       -2.6760480156488473     
   3558.8354278946877       -1.9205315969459615       -2.4230245902667953       -2.2952822501571637     
   3620.1946594101132       -1.4970904592339789       -2.0200039304746902       -1.9158879936788420     
   3681.5538909255388       -1.0723702878779182       -1.6163061511476204       -1.5373194617837580     
   3742.9131224409643      -0.64635541477424852       -1.2125829246782240       -1.1598015631045406     
   3804.2723539563904      -0.21912857281867559      -0.80861287286283900      -0.78287359322771444     
   3865.6315854718159       0.20937966231228700      -0.40420256917139197      -0.40594739321249040     
