           1  -7.9747304802002779       -12.445278077866671       -11.449666436502413     
           2  -7.7964235202204994       -12.089617674087551       -11.115079079414230     
           3  -7.6098345304321739       -11.730591367328010       -10.778958780137676     
           4  -7.4155330893640636       -11.367918623771203       -10.441329690813642     
           5  -7.2140436119663427       -11.001629603516033       -10.102315789109733     
           6  -7.0058503477282112       -10.632612219517931       -9.7624621632958135     
           7  -6.7914017471257040       -10.260576972907041       -9.4215461997896135     
           8  -6.5711142868453090       -9.8855089247597849       -9.0794631066018461     
           9  -6.3453758305392567       -9.5082323201857264       -8.7365560483678948     
          10  -6.1145485902673808       -9.1284568922452678       -8.3924720807430653     
          11  -5.8789717439890463       -8.7461321380978010       -8.0469877875007629     
          12  -5.6389637561891730       -8.3620337372332045       -7.7003508222780148     
          13  -5.3948244417600399       -7.9758756569291780       -7.3521714546335248     
          14  -5.1468368074100521       -7.5875782702796126       -7.0021949495289162     
          15  -4.8952686999203436       -7.1978798573087683       -6.6506560388451561     
          16  -4.6403742864087514       -6.8065017567185553       -6.2971981889516613     
          17  -4.3823953882608446       -6.4133397002923109       -5.9415979178337697     
          18  -4.1215626874092361       -6.0191031297015956       -5.5841335023789647     
          19  -3.8580968211340165       -5.6235227770390290       -5.2245255219855853     
          20  -3.5922093794433705       -5.2264729298403010       -4.8626176800775465     
          21  -3.3241038172799806       -4.8286409847173362       -4.4987614087123724     
          22  -3.0539762922699980       -4.4297684164790549       -4.1327726992461349     
          23  -2.7820164374433416       -4.0297103945004187       -3.7645737050004371     
          24  -2.5084080772391677       -3.6291378481628449       -3.3945953201897918     
          25  -2.2333298941736537       -3.2278039442806898       -3.0227464114118314     
          26  -1.9569560527629664       -2.8255464561543082       -2.6490201106161573     
          27  -1.6794567866104093       -2.4230245902667944       -2.2739165910675947     
          28  -1.4009989540000296       -2.0200039304746928       -1.8974214039049357     
          29  -1.1217465668743352       -1.6163061511476178       -1.5195798032317107     
          30 -0.84186129766849049       -1.2125829246782258       -1.1409418020895279     
          31 -0.56150296815058698      -0.80861287286283723      -0.76154649386598905     
          32 -0.28083002416941610      -0.40420256917139064      -0.38146709940918733     
          33  -2.0207291051445171E-017  -9.4887743616703551E-016  -1.2801359207331928E-003
          34  0.28083002416941316       0.40420256917139241       0.37894743061039859     
          35  0.56150296815058820       0.80861287286283989       0.75914028392370492     
          36  0.84186129766849183        1.2125829246782240        1.1387198078042031     
          37   1.1217465668743369        1.6163061511476222        1.5176173259865724     
          38   1.4009989540000314        2.0200039304746937        1.8957815520768442     
          39   1.6794567866104100        2.4230245902667988        2.2726561438999058     
          40   1.9569560527629639        2.8255464561543064        2.6481965763286919     
          41   2.2333298941736524        3.2278039442806890        3.0224012251442600     
          42   2.5084080772391655        3.6291378481628449        3.3947594039233593     
          43   2.7820164374433425        4.0297103945004142        3.7652750704861813     
          44   3.0539762922699980        4.4297684164790487        4.1340196779461298     
          45   3.3241038172799802        4.8286409847173353        4.5005481372372360     
          46   3.5922093794433696        5.2264729298403001        4.8649325376692518     
          47   3.8580968211340148        5.6235227770390228        5.2273346366629543     
          48   4.1215626874092317        6.0191031297015876        5.5873865374376308     
          49   4.3823953882608446        6.4133397002923056        5.9452377649142445     
          50   4.6403742864087478        6.8065017567185544        6.3011450754789387     
          51   4.8952686999203445        7.1978798573087657        6.6548140389911232     
          52   5.1468368074100539        7.5875782702796064        7.0064633586250356     
          53   5.3948244417600426        7.9758756569291842        7.3564297450349674     
          54   5.6389637561891730        8.3620337372332081        7.7044661753466146     
          55   5.8789717439890499        8.7461321380978063        8.0508284036072801     
          56   6.1145485902673817        9.1284568922452660        8.3958929798790134     
          57   6.3453758305392576        9.5082323201857299        8.7394076477193927     
          58   6.5711142868453072        9.8855089247597778        9.0816064507782173     
          59   6.7914017471257031        10.260576972907039        9.4228393052519852     
          60   7.0058503477282139        10.632612219517927        9.7627694188115566     
          61   7.2140436119663418        11.001629603516033        10.101524923511043     
          62   7.4155330893640610        11.367918623771207        10.439338229427829     
          63   7.6098345304321731        11.730591367328014        10.775684027900251     
          64   7.7964235202204977        12.089617674087547        11.110476745389413     
          65   7.9747304802002761        12.445278077866671        11.443716904634774     
          66   8.1441349320137757        12.796599728495311        11.774561143996216     
          67   8.3039588980034207        13.143492698745085        12.102576511224429     
          68   8.4534592920576621        13.486214677145139        12.427389767914185     
          69   8.5918191302966882        13.823676456334486        12.747678998702481     
          70   8.7181373648889657        14.155704635109004        13.062500043191070     
          71   8.8314171169852127        14.482509504602623        13.370935434568828     
          72   8.9305520587228120        14.802836221824100        13.670998973436447     
          73   9.0143106736174907        15.116386980815435        13.961061732168034     
          74   9.0813181165547601        15.423278481954771        14.239505498664425     
          75   9.1300354107921198        15.722006476304456        14.503543808486539     
          76   9.1587357784774355        16.012071199188846        14.750803471736166     
          77   9.1654780319599087        16.293400421915472        14.979008579978963     
          78   9.1480771987858009        16.564080271514129        15.184746286421220     
          79   9.1040729761289256        16.823240066206118        15.365300812731565     
          80   9.0306972972495885        17.070390802233426        15.518404022208841     
          81   8.9248433573104808        17.302840018118967        15.640960892204928     
          82   8.7830400256992025        17.518889110960615        15.731197169022593     
          83   8.6014378093285728        17.716946290199509        15.788354064586882     
          84   8.3758155281021907        17.892409275981773        15.811106161911633     
          85   8.1016205900486078        18.041075826730516        15.799654495465017     
          86   7.7740598934204579        18.157438936441089        15.754469988079254     
          87   7.3882621091167495        18.230063054202283        15.673004686302630     
          88   6.9395338108794409        18.243833086712627        15.549730054719928     
          89   6.4237290801345619        18.174122952482445        15.370357992810032     
          90   5.8377414958400839        17.975080693782033        15.101511994746751     
          91   5.1801056102137810        17.571877889173802        14.681194566794170     
          92   4.4516609293823768        16.836455360902949        13.998536906362361     
          93   3.6561887699699787        15.556325396435280        12.871688801294709     
          94   2.8008923051763155        13.431107567690081        11.051089694855271     
          95   1.8965710491286700        10.132119579808187        8.2804118591448947     
          96  0.95736291445878452        5.5252190534779029        4.4767921260016514     
          97   3.5325063877490558E-015   1.6814690957835468E-014  -3.5186611200658822E-002
          98 -0.95736291445877597       -5.5252190534778727       -4.5403628706219656     
          99  -1.8965710491286645       -10.132119579808164       -8.3270312419209862     
         100  -2.8008923051763124       -13.431107567690070       -11.077493614686205     
         101  -3.6561887699699751       -15.556325396435273       -12.879492255130161     
         102  -4.4516609293823732       -16.836455360902946       -13.991037588983520     
         103  -5.1801056102137757       -17.571877889173798       -14.661801113380136     
         104  -5.8377414958400777       -17.975080693782026       -15.073302452750928     
         105  -6.4237290801345583       -18.174122952482442       -15.336097492910998     
         106  -6.9395338108794355       -18.243833086712623       -15.512019157274345     
         107  -7.3882621091167486       -18.230063054202283       -15.634244753240653     
         108  -7.7740598934204597       -18.157438936441089       -15.716777636843224     
         109  -8.1016205900486078       -18.041075826730516       -15.764820356664845     
         110  -8.3758155281021871       -17.892409275981777       -15.780492693823209     
         111  -8.6014378093285693       -17.716946290199502       -15.762853608113558     
         112  -8.7830400256992007       -17.518889110960611       -15.711283573294235     
         113  -8.9248433573104808       -17.302840018118967       -15.626712667440207     
         114  -9.0306972972495849       -17.070390802233430       -15.509570621246777     
         115  -9.1040729761289256       -16.823240066206122       -15.361417810885239     
         116  -9.1480771987858027       -16.564080271514129       -15.185191870147696     
         117  -9.1654780319599087       -16.293400421915472       -14.983067967748111     
         118  -9.1587357784774319       -16.012071199188842       -14.757753625231029     
         119  -9.1300354107921216       -15.722006476304454       -14.512674082915673     
         120  -9.0813181165547601       -15.423278481954769       -14.250141269092628     
         121  -9.0143106736174872       -15.116386980815435       -13.972607571158338     
         122  -8.9305520587228102       -14.802836221824093       -13.682928817434703     
         123  -8.8314171169852145       -14.482509504602628       -13.382790963418790     
         124  -8.7181373648889693       -14.155704635109000       -13.073912950849975     
         125  -8.5918191302966882       -13.823676456334486       -12.758350009927305     
         126  -8.4534592920576603       -13.486214677145135       -12.437078722474652     
         127  -8.3039588980034207       -13.143492698745089       -12.111117966093499     
         128  -8.1441349320137739       -12.796599728495311       -11.781842271202592     
