           1  -7.9747304802002779       -12.445278077866671       -11.793490074381351     
           2  -7.7964235202204994       -12.089617674087551       -11.459923625547118     
           3  -7.6098345304321739       -11.730591367328010       -11.123041854482725     
           4  -7.4155330893640636       -11.367918623771203       -10.782264799242895     
           5  -7.2140436119663427       -11.001629603516033       -10.437516979287359     
           6  -7.0058503477282112       -10.632612219517931       -10.090096182944812     
           7  -6.7914017471257040       -10.260576972907041       -9.7394392542005424     
           8  -6.5711142868453090       -9.8855089247597849       -9.3854242772571919     
           9  -6.3453758305392567       -9.5082323201857264       -9.0292706146833304     
          10  -6.1145485902673808       -9.1284568922452678       -8.6704337588031724     
          11  -5.8789717439890463       -8.7461321380978010       -8.3087514126609960     
          12  -5.6389637561891730       -8.3620337372332045       -7.9453808175767673     
          13  -5.3948244417600399       -7.9758756569291780       -7.5797976761839472     
          14  -5.1468368074100521       -7.5875782702796126       -7.2118042951517598     
          15  -4.8952686999203436       -7.1978798573087683       -6.8425090074783439     
          16  -4.6403742864087514       -6.8065017567185553       -6.4714089282959506     
          17  -4.3823953882608446       -6.4133397002923109       -6.0982749219611696     
          18  -4.1215626874092361       -6.0191031297015956       -5.7241771922512621     
          19  -3.8580968211340165       -5.6235227770390290       -5.3486350969695806     
          20  -3.5922093794433705       -5.2264729298403010       -4.9713910754720096     
          21  -3.3241038172799806       -4.8286409847173362       -4.5934860749071795     
          22  -3.0539762922699980       -4.4297684164790549       -4.2144621937147653     
          23  -2.7820164374433416       -4.0297103945004187       -3.8340356513144069     
          24  -2.5084080772391677       -3.6291378481628449       -3.4532255412149775     
          25  -2.2333298941736537       -3.2278039442806898       -3.0715969385963549     
          26  -1.9569560527629664       -2.8255464561543082       -2.6888413702164664     
          27  -1.6794567866104093       -2.4230245902667944       -2.3059623785668402     
          28  -1.4009989540000296       -2.0200039304746928       -1.9225480752881730     
          29  -1.1217465668743352       -1.6163061511476178       -1.5382662761365333     
          30 -0.84186129766849049       -1.2125829246782258       -1.1541104930719355     
          31 -0.56150296815058698      -0.80861287286283723      -0.76969184952340441     
          32 -0.28083002416941610      -0.40420256917139064      -0.38465501050189443     
          33  -2.0207291051445171E-017  -9.4887743616703551E-016   1.1522891913855193E-005
          34  0.28083002416941316       0.40420256917139241       0.38467362965497909     
          35  0.56150296815058820       0.80861287286283989       0.76970954191335395     
          36  0.84186129766849183        1.2125829246782240        1.1541309933896144     
          37   1.1217465668743369        1.6163061511476222        1.5382807720262139     
          38   1.4009989540000314        2.0200039304746937        1.9225599539576912     
          39   1.6794567866104100        2.4230245902667988        2.3059757302916726     
          40   1.9569560527629639        2.8255464561543064        2.6888474957753825     
          41   2.2333298941736524        3.2278039442806890        3.0715992183641552     
          42   2.5084080772391655        3.6291378481628449        3.4532285231576001     
          43   2.7820164374433425        4.0297103945004142        3.8340307940685214     
          44   3.0539762922699980        4.4297684164790487        4.2144529446539885     
          45   3.3241038172799802        4.8286409847173353        4.5934775089286362     
          46   3.5922093794433696        5.2264729298403001        4.9713748120584498     
          47   3.8580968211340148        5.6235227770390228        5.3486146812617994     
          48   4.1215626874092317        6.0191031297015876        5.7241582537598319     
          49   4.3823953882608446        6.4133397002923056        6.0982491940323973     
          50   4.6403742864087478        6.8065017567185544        6.4713800373866510     
          51   4.8952686999203445        7.1978798573087657        6.8424831228790115     
          52   5.1468368074100539        7.5875782702796064        7.2117731667996310     
          53   5.3948244417600426        7.9758756569291842        7.5797649528009661     
          54   5.6389637561891730        8.3620337372332081        7.9453531592865589     
          55   5.8789717439890499        8.7461321380978063        8.3087204471179916     
          56   6.1145485902673817        9.1284568922452660        8.6704030696210417     
          57   6.3453758305392576        9.5082323201857299        9.0292472879126571     
          58   6.5711142868453072        9.8855089247597778        9.3853996549480456     
          59   6.7914017471257031        10.260576972907039        9.7394167620771555     
          60   7.0058503477282139        10.632612219517927        10.090083278080488     
          61   7.2140436119663418        11.001629603516033        10.437504552427637     
          62   7.4155330893640610        11.367918623771207        10.782256047129561     
          63   7.6098345304321731        11.730591367328014        11.123044587989362     
          64   7.7964235202204977        12.089617674087547        11.459928134262210     
          65   7.9747304802002761        12.445278077866671        11.793499297660064     
          66   8.1441349320137757        12.796599728495311        12.122366849081677     
          67   8.3039588980034207        13.143492698745085        12.446534077501120     
          68   8.4534592920576621        13.486214677145139        12.766608867344857     
          69   8.5918191302966882        13.823676456334486        13.081076385650995     
          70   8.7181373648889657        14.155704635109004        13.389876772659413     
          71   8.8314171169852127        14.482509504602623        13.693630948386412     
          72   8.9305520587228120        14.802836221824100        13.990666937014639     
          73   9.0143106736174907        15.116386980815435        14.280851104975522     
          74   9.0813181165547601        15.423278481954771        14.564812961928352     
          75   9.1300354107921198        15.722006476304456        14.840675331557307     
          76   9.1587357784774355        16.012071199188846        15.108213073864674     
          77   9.1654780319599087        16.293400421915472        15.368048563561516     
          78   9.1480771987858009        16.564080271514129        15.618016454696447     
          79   9.1040729761289256        16.823240066206118        15.857751582030364     
          80   9.0306972972495885        17.070390802233426        16.087799377929798     
          81   8.9248433573104808        17.302840018118967        16.305506242761606     
          82   8.7830400256992025        17.518889110960615        16.510163870060609     
          83   8.6014378093285728        17.716946290199509        16.701887208813524     
          84   8.3758155281021907        17.892409275981773        16.876785409960394     
          85   8.1016205900486078        18.041075826730516        17.032691522395492     
          86   7.7740598934204579        18.157438936441089        17.167200582085336     
          87   7.3882621091167495        18.230063054202283        17.271105477051513     
          88   6.9395338108794409        18.243833086712627        17.333519836392931     
          89   6.4237290801345619        18.174122952482445        17.335570194115441     
          90   5.8377414958400839        17.975080693782033        17.236072987322814     
          91   5.1801056102137810        17.571877889173802        16.966485751699295     
          92   4.4516609293823768        16.836455360902949        16.402787495945820     
          93   3.6561887699699787        15.556325396435280        15.324542216430014     
          94   2.8008923051763155        13.431107567690081        13.403790324911267     
          95   1.8965710491286700        10.132119579808187        10.250862908872598     
          96  0.95736291445878452        5.5252190534779029        5.6582717631764563     
          97   3.5325063877490558E-015   1.6814690957835468E-014   2.0542666473325581E-002
          98 -0.95736291445877597       -5.5252190534778727       -5.6215467851965171     
          99  -1.8965710491286645       -10.132119579808164       -10.224169805045033     
         100  -2.8008923051763124       -13.431107567690070       -13.387260522221741     
         101  -3.6561887699699751       -15.556325396435273       -15.315389359447648     
         102  -4.4516609293823732       -16.836455360902946       -16.398169635707173     
         103  -5.1801056102137757       -17.571877889173798       -16.964347587249662     
         104  -5.8377414958400777       -17.975080693782026       -17.235183033283285     
         105  -6.4237290801345583       -18.174122952482442       -17.335297518455519     
         106  -6.9395338108794355       -18.243833086712623       -17.333501406523041     
         107  -7.3882621091167486       -18.230063054202283       -17.271162987997258     
         108  -7.7740598934204597       -18.157438936441089       -17.167280844775998     
         109  -8.1016205900486078       -18.041075826730516       -17.032745513268456     
         110  -8.3758155281021871       -17.892409275981777       -16.876798333732555     
         111  -8.6014378093285693       -17.716946290199502       -16.701880396134435     
         112  -8.7830400256992007       -17.518889110960611       -16.510127797109675     
         113  -8.9248433573104808       -17.302840018118967       -16.305443373980005     
         114  -9.0306972972495849       -17.070390802233430       -16.087732932599632     
         115  -9.1040729761289256       -16.823240066206122       -15.857673861749026     
         116  -9.1480771987858027       -16.564080271514129       -15.617928552269071     
         117  -9.1654780319599087       -16.293400421915472       -15.367968741824269     
         118  -9.1587357784774319       -16.012071199188842       -15.108132324820584     
         119  -9.1300354107921216       -15.722006476304454       -14.840592699904519     
         120  -9.0813181165547601       -15.423278481954769       -14.564743154294401     
         121  -9.0143106736174872       -15.116386980815435       -14.280784697581925     
         122  -8.9305520587228102       -14.802836221824093       -13.990601940894603     
         123  -8.8314171169852145       -14.482509504602628       -13.693579999119883     
         124  -8.7181373648889693       -14.155704635109000       -13.389830718377720     
         125  -8.5918191302966882       -13.823676456334486       -13.081032793704008     
         126  -8.4534592920576603       -13.486214677145135       -12.766579100450251     
         127  -8.3039588980034207       -13.143492698745089       -12.446509470303539     
         128  -8.1441349320137739       -12.796599728495311       -12.122344709669502     
