  -3926.9908169872415        1.3516733965883816       0.20809680368663797     
  -3865.6315854718159        1.2157669668031903       0.23258904004336844     
  -3804.2723539563904       0.92682661922337528       0.25705252747246998     
  -3742.9131224409643       0.89503099919552287       0.28124623592830239     
  -3681.5538909255388        1.0048914193666234       0.30496295223671421     
  -3620.1946594101132        1.0525392940845051       0.32863474442427737     
  -3558.8354278946877        1.1410886979955164       0.35206706947859723     
  -3497.4761963792616        1.4383258784799391       0.37507931054909949     
  -3436.1169648638361        1.5623721125408290       0.39814644791004250     
  -3374.7577333484105        1.1916830608753888       0.42112198572528492     
  -3313.3985018329849       0.99351059646476125       0.44384973681460527     
  -3252.0392703175589        1.4087070900054606       0.46684451606089117     
  -3190.6800388021338        1.7471782761761867       0.48999944987721133     
  -3129.3208072867083        1.8108029928523641       0.51317118700598341     
  -3067.9615757712822        2.2665709993825489       0.53690314140964324     
  -3006.6023442558567        2.9936505686531216       0.56111251205795987     
  -2945.2431127404311        3.2747780657091594       0.58565118369923086     
  -2883.8838812250056        2.9928896917775454       0.61107576223632598     
  -2822.5246497095795        2.3799741529763421       0.63730908553494470     
  -2761.1654181941544        1.8503447121223855       0.66417907845235913     
  -2699.8061866787280        2.1008568017851128       0.69224056078295026     
  -2638.4469551633028        3.2127921149022929       0.72140512649613131     
  -2577.0877236478773        4.2920801139431344       0.75146013027622660     
  -2515.7284921324513        4.4814804067771368       0.78294803247679612     
  -2454.3692606170257        3.7994585563112873       0.81575720016284825     
  -2393.0100291016001        3.0368201476524890       0.84962305358544465     
  -2331.6507975861741        2.8417423296826261       0.88507161264238077     
  -2270.2915660707490        2.9928401362628407       0.92196197026740412     
  -2208.9323345553235        3.0506435926796298       0.95997152129567020     
  -2147.5731030398974        3.0674247716737701       0.99961156050427769     
  -2086.2138715244719        3.0380422767269675        1.0407098705105251     
  -2024.8546400090463        2.6931389217726895        1.0828821145152263     
  -1963.4954084936207        2.2006589716830289        1.1266290971888067     
  -1902.1361769781952        2.0605033492102462        1.1717450406590375     
  -1840.7769454627694        2.2472859129783180        1.2177779365284520     
  -1779.4177139473438        2.2718379308795811        1.2652207351434521     
  -1718.0584824319180        2.0522486692718167        1.3138271606160559     
  -1656.6992509164925        1.8995399330632501        1.3630652918561210     
  -1595.3400194010669        1.7175436451005353        1.4134186540902034     
  -1533.9807878856411        1.3162236454846408        1.4645859944229387     
  -1472.6215563702156        1.0660903396030736        1.5159346184426634     
  -1411.2623248547898       0.97219832991884281        1.5679320584823686     
  -1349.9030933393640       0.36743954545898677        1.6201974833902266     
  -1288.5438618239386      -0.60983006045623889        1.6719645857871672     
  -1227.1846303085129       -1.2506386796765183        1.7236704742518509     
  -1165.8253987930871       -1.7235367459990545        1.7748124497218261     
  -1104.4661672776617       -2.2582323546174985        1.8244370069936979     
  -1043.1069357622359       -2.3960796839999130        1.8729232048750246     
  -981.74770424681037       -2.1008060674093718        1.9195806864521727     
  -920.38847273138470       -1.6657611221459354        1.9632047908866688     
  -859.02924121595902       -1.0201212276068579        2.0041252806557055     
  -797.67000970053346      -0.37745898307346087        2.0414817606349471     
  -736.31077818510778       -8.0420847461859402E-002   2.0739850161178661     
  -674.95154666968199        5.1143105803325373E-002   2.1024430834124495     
  -613.59231515425643        8.5649261107206387E-002   2.1267837386660080     
  -552.23308363883086       -4.6021516633463544E-002   2.1475586608152346     
  -490.87385212340519      -0.12071830998534117        2.1696279288861589     
  -429.51462060797951      -0.21072212401069856        2.1993235400069091     
  -368.15538909255389      -0.33747274014605011        2.2473821657232325     
  -306.79615757712821        4.2642745540310889E-002   2.3320276706675669     
  -245.43692606170259       0.80391774417224204        2.4670963090355564     
  -184.07769454627694        1.2614743739158583        2.6438598160908571     
  -122.71846303085130        1.5216324567199258        2.7929563889036899     
  -61.359231515425648        1.6732478174353109        2.7527597153686956     
   0.0000000000000000        1.4504518882423172        2.3674185391306151     
   61.359231515425648        1.4046307226862238        1.6745799224636273     
   122.71846303085130        1.8965242037540855       0.91113029194556727     
   184.07769454627694        2.2737732956383083       0.29604261666229864     
   245.43692606170259        2.4561925343057345      -0.11236191101635010     
   306.79615757712821        2.6854695577529872      -0.35921109409927038     
   368.15538909255389        2.3974977473395542      -0.50381189915754176     
   429.51462060797951        1.5030953557067843      -0.59229866175100465     
   490.87385212340519       0.60935443919813714      -0.65186490180875545     
   552.23308363883086      -0.20626003955249045      -0.69486301584028431     
   613.59231515425643      -0.86908926353259530      -0.72922133151468826     
   674.95154666968199       -1.1826864633179976      -0.75859916120716009     
   736.31077818510778       -1.4212549673334203      -0.78325458587476349     
   797.67000970053346       -1.4154760205644838      -0.80466640760602259     
   859.02924121595902      -0.93870231448651054      -0.82325873853544906     
   920.38847273138470      -0.79998930354894804      -0.83806702383970166     
   981.74770424681037       -1.0438649662076711      -0.84980858107061286     
   1043.1069357622359      -0.67479403466158661      -0.85858921504173813     
   1104.4661672776617      -0.15050562415617952      -0.86353331308192594     
   1165.8253987930871      -0.26160344723589390      -0.86529470817271381     
   1227.1846303085129      -0.21183320708281050      -0.86401829373947470     
   1288.5438618239386       0.20959299280757948      -0.85902293560378762     
   1349.9030933393640       0.23896809062669222      -0.85098961720609656     
   1411.2623248547898       0.31533523509038108      -0.84015149813808021     
   1472.6215563702156       0.85635864298633346      -0.82600543346792199     
   1533.9807878856411       0.97044097398546381      -0.80927459829314874     
   1595.3400194010669       0.38745433256542383      -0.79028021397680304     
   1656.6992509164925      -0.28515485801644269      -0.76865965107744205     
   1718.0584824319180      -0.78050620555507400      -0.74516139431808648     
   1779.4177139473438      -0.77443132247477764      -0.72016314726992259     
   1840.7769454627694      -0.24543495582613173      -0.69338468452117441     
   1902.1361769781952       -4.8135812394183963E-002 -0.66555611622222222     
   1963.4954084936207      -0.36740196545856563      -0.63705821747557911     
   2024.8546400090463      -0.48748578667362286      -0.60762471930320061     
   2086.2138715244719      -0.48177920117205308      -0.57791450889027463     
   2147.5731030398974      -0.81207932540685435      -0.54825708960726371     
   2208.9323345553235       -1.2105062314001529      -0.51834176525453968     
   2270.2915660707490       -1.4134729711200462      -0.48871652041668340     
   2331.6507975861741       -1.4894037976078565      -0.45962520957386166     
   2393.0100291016001       -1.3150384935327377      -0.43068148760724878     
   2454.3692606170257      -0.97208032321618509      -0.40231070499766430     
   2515.7284921324513      -0.92106530192031832      -0.37466718071829808     
   2577.0877236478773       -1.2607614785611643      -0.34729016992628881     
   2638.4469551633028       -1.7177268211641006      -0.32050021216121349     
   2699.8061866787280       -2.1971637508900415      -0.29438592917320827     
   2761.1654181941544       -2.6407323210096187      -0.26843880769942374     
   2822.5246497095795       -2.8317746964392798      -0.24291216990573550     
   2883.8838812250056       -2.7197373063041450      -0.21786812165987079     
   2945.2431127404311       -2.3953000887451088      -0.19278793069036304     
   3006.6023442558567       -1.7838761892695048      -0.16790000215091061     
   3067.9615757712822      -0.94726528628247098      -0.14327911915808922     
   3129.3208072867083      -0.28237864981822763      -0.11842971326156992     
   3190.6800388021338       -4.9995787824334004E-003  -9.3588524478910529E-002
   3252.0392703175589      -0.10518784893115929       -6.8869991660443830E-002
   3313.3985018329849      -0.59878864276488719       -4.3820483596664905E-002
   3374.7577333484105       -1.0502693733742503       -1.8701211775958404E-002
   3436.1169648638361      -0.86757003485869022        6.3247296588921920E-003
   3497.4761963792616      -0.44984768517267282        3.1668383808928446E-002
   3558.8354278946877      -0.49514219328027631        5.7046133933688958E-002
   3620.1946594101132      -0.71515782788866833        8.2254186066075707E-002
   3681.5538909255388      -0.68193177281130635       0.10767560379136620     
   3742.9131224409643      -0.49655556574240189       0.13302001665884089     
   3804.2723539563904       -1.1418844135570594E-002  0.15806190939361042     
   3865.6315854718159       0.82723270178012154       0.18317935254037776     
