  -3926.9908169872415        1.3516733965883811       0.19383522399171138     
  -3865.6315854718159        2.1971204533515518       0.62104117534356873     
  -3804.2723539563904        2.8871694258145864        1.0484695805243067     
  -3742.9131224409643        3.8296404883027622        1.4753110882257676     
  -3681.5538909255388        4.9066978596891939        1.9013209925872818     
  -3620.1946594101132        5.9121428921497925        2.3272700062195772     
  -3558.8354278946877        6.9467822430847690        2.7523907307395241     
  -3497.4761963792616        8.1761229463243463        3.1764408589678919     
  -3436.1169648638361        9.2160407598426257        3.6002361052867444     
  -3374.7577333484105        9.7427849294810276        4.0230511955251025     
  -3313.3985018329849        10.421445332984716        4.4446452536750769     
  -3252.0392703175589        11.690761973869897        4.8658794834375367     
  -3190.6800388021338        12.858582936568231        5.2860630019042851     
  -3129.3208072867083        13.724789082701035        5.7049474715645037     
  -3067.9615757712822        14.954436682655464        6.1234331438375458     
  -3006.6023442558567        16.424829665593492        6.5408489912379286     
  -2945.2431127404311        17.416913689440122        6.9569240118134168     
  -2883.8838812250056        17.811912198876733        7.3725863543150965     
  -2822.5246497095795        17.840183220231090        7.7871659099737078     
  -2761.1654181941544        17.914495341735289        8.2003502512636040     
  -2699.8061866787280        18.730249047836026        8.6130827566413615     
  -2638.4469551633028        20.367364314907732        9.0246739880346993     
  -2577.0877236478773        21.930505400910238        9.4347509528680025     
  -2515.7284921324513        22.561266269246005        9.8442614389161989     
  -2454.3692606170257        22.277049206537026        10.252477964832991     
  -2393.0100291016001        21.867701451312904        10.658950047255342     
  -2331.6507975861741        21.980549044326811        11.064623377736510     
  -2270.2915660707490        22.393465200153727        11.468716679650599     
  -2208.9323345553235        22.666349200744254        11.870688080181869     
  -2147.5731030398974        22.850954970969386        12.271479401913679     
  -2086.2138715244719        22.941736810170912        12.670241613589416     
  -2024.8546400090463        22.669048045876139        13.066328541025911     
  -1963.4954084936207        22.200658971683033        13.460678567665324     
  -1902.1361769781952        22.036412473313693        13.852358130273855     
  -1840.7769454627694        22.150980446422260        14.240599320911862     
  -1779.4177139473438        22.055368130175204        14.626333897088966     
  -1718.0584824319180        21.667954277336431        15.008515767852280     
  -1656.6992509164925        21.300164996954134        15.386224206136855     
  -1595.3400194010669        20.856350359744727        15.760368363354857     
  -1533.9807878856411        20.147104949145067        16.129737586365344     
  -1472.6215563702156        19.543680989828804        16.493199804339365     
  -1411.2623248547898        19.051984192387700        16.851598337133616     
  -1349.9030933393640        18.005864832426084        17.203460374502072     
  -1288.5438618239386        16.544742139549200        17.547331430194163     
  -1227.1846303085129        15.378753566374392        17.883888186544237     
  -1165.8253987930871        14.340613883613837        18.211204240577764     
  -1104.4661672776617        13.201976712637244        18.527276095573150     
  -1043.1069357622359        12.422942823099270        18.832368802799394     
  -981.74770424681037        12.041329556321585        19.123677278910925     
  -920.38847273138470        11.765417974794435        19.398108380176957     
  -859.02924121595902        11.667744455666057        19.654827317152069     
  -797.67000970053346        11.536527106775203        19.888996385266239     
  -736.31077818510778        11.030983812930190        20.094800176599005     
  -674.95154666968199        10.333197989667754        20.267863471994247     
  -613.59231515425643        9.5135839976271583        20.397087138227683     
  -552.23308363883086        8.5050803519721789        20.467021044806899     
  -490.87385212340519        7.5329503373164517        20.457703408442221     
  -429.51462060797951        6.5270749438337035        20.329445041674475     
  -368.15538909255389        5.4682208049432077        20.016746627583998     
  -306.79615757712821        4.9022463436055927        19.410560535952062     
  -245.43692606170259        4.7057241844948097        18.315147560817362     
  -184.07769454627694        4.1960838630230812        16.425098124699531     
  -122.71846303085130        3.4819752633111376        13.345251241085743     
  -61.359231515425648        2.6546013039836751        8.7613737354211523     
   0.0000000000000000        1.4504518882423194        2.8560349546292807     
   61.359231515425648       0.42327723613786383       -3.4490830055393538     
   122.71846303085130       -6.3818602837124816E-002  -8.9636145789125194     
   184.07769454627694      -0.66083619346892686       -13.010092858183135     
   245.43692606170259       -1.4456139060168298       -15.630741689483299     
   306.79615757712821       -2.1741340403122988       -17.206014558270549     
   368.15538909255389       -3.4081957977496979       -18.110248314883226     
   429.51462060797951       -5.2347017121376194       -18.613124212384911     
   490.87385212340519       -7.0443142081036587       -18.877143534929797     
   552.23308363883086       -8.7573619081581295       -18.991848374086107     
   613.59231515425643       -10.297024000052547       -19.012191266506775     
   674.95154666968199       -11.464741347182432       -18.967732374241791     
   736.31077818510778       -12.532659627725467       -18.873581140038031     
   797.67000970053346       -13.329462110413155       -18.742734722203998     
   859.02924121595902       -13.626567997759425       -18.581775857880299     
   920.38847273138470       -14.231168400489317       -18.393592405540449     
   981.74770424681037       -15.186000589938629       -18.183579485224438     
   1043.1069357622359       -15.493816541760772       -17.954001101904048     
   1104.4661672776617       -15.610714691410926       -17.705413755101702     
   1165.8253987930871       -16.325754076848796       -17.441275429255764     
   1227.1846303085129       -16.841225453133724       -17.162742912032176     
   1288.5438618239386       -16.944979207197861       -16.869793618045847     
   1349.9030933393640       -17.399457196340411       -16.565135385569938     
   1411.2623248547898       -17.764450627378480       -16.249539635860550     
   1472.6215563702156       -17.621232007239403       -15.922800430361235     
   1533.9807878856411       -17.860440329674951       -15.587220726403796     
   1595.3400194010669       -18.751352382078760       -15.243393707073537     
   1656.6992509164925       -19.685779921907326       -14.891026379564588     
   1718.0584824319180       -20.396211813619697       -14.532136026895779     
   1779.4177139473438       -20.557961521770398       -14.167194491037902     
   1840.7769454627694       -20.149129489270077       -13.795829238441106     
   1902.1361769781952       -20.024044936497631       -13.419812090382578     
   1963.4954084936207       -20.367401965458569       -13.039500668486740     
   2024.8546400090463       -20.463394910777073       -12.654427110778466     
   2086.2138715244719       -20.385473734615992       -12.266134468917450     
   2147.5731030398974       -20.595609524702475       -11.874865017111720     
   2208.9323345553235       -20.826211839464772       -11.480044960520996     
   2270.2915660707490       -20.814098035010932       -11.083007592899609     
   2331.6507975861741       -20.628210512252050       -10.683889093582003     
   2393.0100291016001       -20.145919797193166       -10.282015741604113     
   2454.3692606170257       -19.449670973441922       -9.8785422866176766     
   2515.7284921324513       -19.000851164389182       -9.4735235905576562     
   2577.0877236478773       -18.899186765528263       -9.0662091703750267     
   2638.4469551633028       -18.872299021169539       -8.6576181000769292     
   2699.8061866787280       -18.826555996940954       -8.2477605425882672     
   2761.1654181941544       -18.704882950622515       -7.8358430585731558     
   2822.5246497095795       -18.291983763694024       -7.4227966188359149     
   2883.8838812250056       -17.538759813403328       -7.0086265460790971     
   2945.2431127404311       -16.537435712476068       -6.5925310804530941     
   3006.6023442558567       -15.215055286209878       -6.1753960934241920     
   3067.9615757712822       -13.635130969555387       -5.7572557245703200     
   3129.3208072867083       -12.196364739666890       -5.3373261880386158     
   3190.6800388021338       -11.116404239174480       -4.9164790266596832     
   3252.0392703175589       -10.387242732795590       -4.4947979621010852     
   3313.3985018329849       -10.026723379284842       -4.0715296900673561     
   3374.7577333484105       -9.6013712419798942       -3.6475465062015289     
   3436.1169648638361       -8.5212386821604849       -3.2229875470602725     
   3497.4761963792616       -7.1876447530170786       -2.7971281128784167     
   3558.8354278946877       -6.3008357383695355       -2.3708418387996826     
   3620.1946594101132       -5.5747614259539526       -1.9443165166730161     
   3681.5538909255388       -4.5837382131338797       -1.5168431311579909     
   3742.9131224409643       -3.4311650548496284       -1.0892872289519815     
   3804.2723539563904       -1.9717616507267843      -0.66187089717289460     
   3865.6315854718159      -0.15412078476824242      -0.23388215942760482     
