  -3926.9908169872415       0.60471737831705497       0.63914463346310413     
  -3865.6315854718159        1.9163114093907299        1.0700319957783933     
  -3804.2723539563904        3.4971099790760660        1.5020525586142512     
  -3742.9131224409643        5.0743375999172180        1.9351225926936744     
  -3681.5538909255388        6.5678273568470722        2.3690417544578901     
  -3620.1946594101132        8.2351518489667530        2.8037530914464988     
  -3558.8354278946877        9.8068147151899829        3.2391089228902867     
  -3497.4761963792616        10.703487739837207        3.6748419204283564     
  -3436.1169648638361        11.251950771442555        4.1108308278815660     
  -3374.7577333484105        12.074427244575087        4.5468706879172363     
  -3313.3985018329849        12.993928295148113        4.9826364354379749     
  -3252.0392703175589        13.846225567787778        5.4179547757512445     
  -3190.6800388021338        14.841070272695275        5.8525774442310308     
  -3129.3208072867083        15.730292126985521        6.2861365877876008     
  -3067.9615757712822        16.252875989786823        6.7184233372364526     
  -3006.6023442558567        16.653166108150835        7.1491628103289022     
  -2945.2431127404311        16.946292382794638        7.5779605831133008     
  -2883.8838812250056        17.162560830281702        8.0045886983182459     
  -2822.5246497095795        17.784377728974420        8.4287611537738503     
  -2761.1654181941544        18.622133132317707        8.8500707990122223     
  -2699.8061866787280        18.962266142266234        9.2682837587750129     
  -2638.4469551633028        19.090470523547800        9.6831140983035802     
  -2577.0877236478773        19.537170076331829        10.094150441886381     
  -2515.7284921324513        19.862605764480818        10.501160004884632     
  -2454.3692606170257        19.860005460298265        10.903860928708445     
  -2393.0100291016001        20.092878595147610        11.301837757245620     
  -2331.6507975861741        20.536351662955383        11.694856443637914     
  -2270.2915660707490        20.542206290497472        12.082632466237857     
  -2208.9323345553235        20.005645459676128        12.464734013909979     
  -2147.5731030398974        19.318464601744136        12.840909517330696     
  -2086.2138715244719        18.631809568925817        13.210849135987809     
  -2024.8546400090463        17.850966970744345        13.574074211754304     
  -1963.4954084936207        17.176404465479752        13.930279285766350     
  -1902.1361769781952        17.145676739924859        14.279084105126122     
  -1840.7769454627694        17.827115598220512        14.619907954532598     
  -1779.4177139473438        18.507839286243847        14.952329245722858     
  -1718.0584824319180        18.592519381388364        15.275825277770753     
  -1656.6992509164925        18.223056106735413        15.589631024357438     
  -1595.3400194010669        17.894229025946547        15.893121866050061     
  -1533.9807878856411        17.893093335071214        16.185539297404567     
  -1472.6215563702156        18.048966534522506        16.465835876330146     
  -1411.2623248547898        18.078160808992237        16.733090393132759     
  -1349.9030933393640        17.984517724074134        16.986218322315001     
  -1288.5438618239386        17.600097895275486        17.223805764403458     
  -1227.1846303085129        16.566672527525423        17.444567513139447     
  -1165.8253987930871        15.270154177523899        17.647034393103596     
  -1104.4661672776617        14.324500324190470        17.829369310011561     
  -1043.1069357622359        13.365015673566321        17.989862983432886     
  -981.74770424681037        12.063678061031508        18.126554755236675     
  -920.38847273138470        11.098066414803048        18.236974229969540     
  -859.02924121595902        10.764711889772421        18.318595418339552     
  -797.67000970053346        10.445510541783598        18.368219762743859     
  -736.31077818510778        9.8912823442191815        18.381402490561285     
  -674.95154666968199        9.3349279705220756        18.352496709048658     
  -613.59231515425643        8.7769045736542690        18.273134265549558     
  -552.23308363883086        8.2065263172708605        18.130314287058646     
  -490.87385212340519        7.7516470429037749        17.904380864803539     
  -429.51462060797951        7.3464264897272242        17.563858829754786     
  -368.15538909255389        6.7850634342295191        17.058284017313696     
  -306.79615757712821        5.9211289677575536        16.309313472167709     
  -245.43692606170259        4.7663142431937988        15.198928412032027     
  -184.07769454627694        3.5509676454391292        13.565343721612724     
  -122.71846303085130        2.4901345894231475        11.226374483197763     
  -61.359231515425648        1.6621002449624998        8.0550909977563485     
   0.0000000000000000        1.1475583487459744        4.1132787895750695     
   61.359231515425648       0.81775546515794084      -0.24935678874756018     
   122.71846303085130       0.29075097781473636       -4.4827936831383290     
   184.07769454627694      -0.53830799878343782       -8.0979474978068495     
   245.43692606170259       -1.5296983141321827       -10.872629027249797     
   306.79615757712821       -2.7497302988973154       -12.845405699726516     
   368.15538909255389       -4.1203687810686480       -14.182727873570366     
   429.51462060797951       -5.2059746742033361       -15.066184933231803     
   490.87385212340519       -6.0453892637878432       -15.641986730070007     
   552.23308363883086       -7.2825484032482306       -16.011732788931255     
   613.59231515425643       -8.9734708478124467       -16.241884798346369     
   674.95154666968199       -10.370974183169947       -16.374815722244822     
   736.31077818510778       -11.180716298418764       -16.436778308915095     
   797.67000970053346       -11.824485613856179       -16.444698079663695     
   859.02924121595902       -12.432023165523985       -16.409855751772199     
   920.38847273138470       -12.816182506602829       -16.339545217359507     
   981.74770424681037       -13.180594130044888       -16.239124605024344     
   1043.1069357622359       -13.800750882138376       -16.112700005649380     
   1104.4661672776617       -14.535919098078466       -15.963092611479945     
   1165.8253987930871       -15.153140331539767       -15.792719732333801     
   1227.1846303085129       -15.487353908256697       -15.603647536539953     
   1288.5438618239386       -15.480958094213214       -15.397275341760231     
   1349.9030933393640       -15.411335717065954       -15.174941440548974     
   1411.2623248547898       -15.399522471138193       -14.937866526555002     
   1472.6215563702156       -15.134581803556078       -14.686823833310958     
   1533.9807878856411       -14.801792073124707       -14.422651245233899     
   1595.3400194010669       -15.017780479224824       -14.146178370168236     
   1656.6992509164925       -15.642866782625998       -13.857913086648857     
   1718.0584824319180       -16.203878432419895       -13.558494108723622     
   1779.4177139473438       -16.773759671108163       -13.248612985019458     
   1840.7769454627694       -17.312686836875713       -12.928711578184030     
   1902.1361769781952       -17.598053675790801       -12.599386504089011     
   1963.4954084936207       -17.955644552618406       -12.261309148224139     
   2024.8546400090463       -18.542496438851906       -11.914930944564594     
   2086.2138715244719       -18.828141252311031       -11.560850721180246     
   2147.5731030398974       -18.679591540834455       -11.199737858452330     
   2208.9323345553235       -18.447881327569611       -10.832046126024583     
   2270.2915660707490       -18.046766785922102       -10.458354314158132     
   2331.6507975861741       -17.351180846693307       -10.079297338447864     
   2393.0100291016001       -16.700710470048065       -9.6952895922836912     
   2454.3692606170257       -16.252209659816124       -9.3068463984806762     
   2515.7284921324513       -15.870819240320252       -8.9145257150018669     
   2577.0877236478773       -15.683930788380362       -8.5186606033725276     
   2638.4469551633028       -15.873175640935781       -8.1196661124772351     
   2699.8061866787280       -16.187451426131577       -7.7179923414943179     
   2761.1654181941544       -16.153159163493601       -7.3138646098422928     
   2822.5246497095795       -15.675104791732505       -6.9075785218704810     
   2883.8838812250056       -15.198936963632088       -6.4994641885271927     
   2945.2431127404311       -14.980085222503826       -6.0896323723582260     
   3006.6023442558567       -14.505317993832337       -5.6782595412496040     
   3067.9615757712822       -13.336074398692606       -5.2655627237339253     
   3129.3208072867083       -11.966692206693047       -4.8515499141533605     
   3190.6800388021338       -10.995736168680136       -4.4362963817968151     
   3252.0392703175589       -10.204100500287579       -4.0199294738754450     
   3313.3985018329849       -9.1354399200598042       -3.6023815465591182     
   3374.7577333484105       -7.7808904374756569       -3.1836583238347052     
   3436.1169648638361       -6.3735613742732369       -2.7638327722841822     
   3497.4761963792616       -5.1701884240884040       -2.3427987108785366     
   3558.8354278946877       -4.3371129194683835       -1.9205315969459615     
   3620.1946594101132       -3.6822153374518538       -1.4970904592339789     
   3681.5538909255388       -2.8967091001884859       -1.0723702878779182     
   3742.9131224409643       -2.0322610668511509      -0.64635541477424852     
   3804.2723539563904       -1.2417799356574606      -0.21912857281867559     
   3865.6315854718159      -0.41647699795271631       0.20937966231228700     
