           1   2.4492935982947065E-015   3.5964774977948262E-015
           2  0.50260190886675626       0.13156622202393217     
           3   1.0048863635953933       0.26313054775500699     
           4   1.5065361105586519       0.39469108020838273     
           5   2.0072342970242998       0.52624592101459866     
           6   2.5066646712860905       0.65779316972524216     
           7   3.0045117824151424       0.78933092311664443     
           8   3.5004611795055265       0.92085727449018928     
           9   3.9941996102881419        1.0523703129693063     
          10   4.4854152189876206        1.1838681227913312     
          11   4.9737977432970970        1.3153487825947099     
          12   5.4590387103465101        1.4468103646992432     
          13   5.9408316315406999        1.5782509343803193     
          14   6.4188721961441946        1.7096685491343058     
          15   6.8928584634903416        1.8410612579364400     
          16   7.3624910536935548        1.9724271004880309     
          17   7.8274733367440561        2.1037641064545087     
          18   8.2875116198656862        2.2350702946908521     
          19   8.7423153330186558        2.3663436724561735     
          20   9.1915972124297589        2.4975822346135499     
          21   9.6350734820343025        2.6287839628172591     
          22   10.072464032715210        2.7599468246830474     
          23   10.503492599225918        2.8910687729437798     
          24   10.927886934685382        3.0221477445857907     
          25   11.345378982535125        3.1531816599685283     
          26   11.755705045849464        3.2841684219223288     
          27   12.158605953892103        3.4151059148271106     
          28   12.553827225814009        3.5459920036665178     
          29   12.941119231388889        3.6768245330604081     
          30   13.320237348685033        3.8076013262697401     
          31   13.690942118573769        3.9383201841770767     
          32   14.052999395976986        4.0689788842361150     
          33   14.406180497758143        4.1995751793937952     
          34   14.750262347163478        4.3301067969776987     
          35   15.085027614722081        4.4605714375526500     
          36   15.410264855515788        4.5909667737385700     
          37   15.725768642732376        4.7212904489935861     
          38   16.031339697417540        4.8515400763539605     
          39   16.326785014343685        4.9817132371349189     
          40   16.611917983916253        5.1118074795832191     
          41   16.886558510040306        5.2418203174856970     
          42   17.150533123873043        5.3717492287239716     
          43   17.403675093390511        5.5015916537793066     
          44   17.645824528699066        5.6313449941773834     
          45   17.876828483025275        5.7610066108767146     
          46   18.096541049320386        5.8905738225896442     
          47   18.304823452418347        6.0200439040394365     
          48   18.501544136689159        6.1494140841416032     
          49   18.686578849132243        6.2786815441125690     
          50   18.859810717857290        6.4078434154926320     
          51   19.021130325903073        6.5368967780860503     
          52   19.170435780347521        6.6658386578036950     
          53   19.307632776665482        6.7946660244105068     
          54   19.432634658293484        6.9233757891612893     
          55   19.545362471363873        7.0519648023263333     
          56   19.645745014573773        7.1804298505879123     
          57   19.733718884157362        7.3087676543074984     
          58   19.809228513933022        7.4369748646418277     
          59   19.872226210400164        7.5650480605049681     
          60   19.922672182863447        7.6929837453500483     
          61   19.960534568565432        7.8207783437636795     
          62   19.985789452811787        7.9484281978401556     
          63   19.998420884076324        8.0759295633213171     
          64   19.998420884076321        8.2032786054588822     
          65   19.985789452811787        8.3304713945734061     
          66   19.960534568565432        8.4575039012496660     
          67   19.922672182863444        8.5843719911222429     
          68   19.872226210400164        8.7110714191629590     
          69   19.809228513933022        8.8375978233882400     
          70   19.733718884157359        8.9639467178492911     
          71   19.645745014573773        9.0901134847602698     
          72   19.545362471363870        9.2160933655420756     
          73   19.432634658293480        9.3418814505240952     
          74   19.307632776665482        9.4674726669298597     
          75   19.170435780347521        9.5928617646865675     
          76   19.021130325903073        9.7180432994107964     
          77   18.859810717857290        9.8430116117439006     
          78   18.686578849132239        9.9677608018936859     
          79   18.501544136689159        10.092284697888120     
          80   18.304823452418347        10.216576815493481     
          81   18.096541049320386        10.340630307081064     
          82   17.876828483025271        10.464437895738433     
          83   17.645824528699062        10.587991789665747     
          84   17.403675093390511        10.711283570107359     
          85   17.150533123873043        10.834304043727128     
          86   16.886558510040302        10.957043047061465     
          87   16.611917983916253        11.079489186328228     
          88   16.326785014343681        11.201629489847246     
          89   16.031339697417533        11.323448942233931     
          90   15.725768642732380        11.444929858408106     
          91   15.410264855515788        11.566051040426139     
          92   15.085027614722080        11.686786639564136     
          93   14.750262347163478        11.807104618162011     
          94   14.406180497758140        11.926964667603709     
          95   14.052999395976984        12.046315386994531     
          96   13.690942118573773        12.165090456442110     
          97   13.320237348685033        12.283203442832981     
          98   12.941119231388885        12.400540745335920     
          99   12.553827225814008        12.516952010561063     
         100   12.158605953892108        12.632237106819714     
         101   11.755705045849460        12.746128421850516     
         102   11.345378982535127        12.858266810128484     
         103   10.927886934685381        12.968168928223223     
         104   10.503492599225909        13.075182913701928     
         105   10.072464032715216        13.178428330281539     
         106   9.6350734820343060        13.276714958266105     
         107   9.1915972124297554        13.368433297565986     
         108   8.7423153330186576        13.451407538351635     
         109   8.2875116198656826        13.522699281232713     
         110   7.8274733367440490        13.578347655375619     
         111   7.3624910536935593        13.613029219099300     
         112   6.8928584634903416        13.619620285141027     
         113   6.4188721961441919        13.588647353018775     
         114   5.9408316315406999        13.507622256741730     
         115   5.4590387103465048        13.360284339262547     
         116   4.9737977432970970        13.125822928329468     
         117   4.4854152189876242        12.778243202058542     
         118   3.9941996102881410        12.286179382325040     
         119   3.5004611795055212        11.613648288567088     
         120   3.0045117824151415        10.722427162007682     
         121   2.5066646712860852        9.5767994579106652     
         122   2.0072342970242980        8.1510942437510323     
         123   1.5065361105586543        6.4394601244961782     
         124   1.0048863635953911        4.4656172519377444     
         125  0.50260190886674960        2.2885760954027661     
         126  -0.0000000000000000        5.3290705182007514E-014
         127 -0.50260190886674960       -2.2885760954026919     
         128  -1.0048863635953911       -4.4656172519376600     
         129  -1.5065361105586543       -6.4394601244961036     
         130  -2.0072342970242980       -8.1510942437509595     
         131  -2.5066646712860852       -9.5767994579106279     
         132  -3.0045117824151415       -10.722427162007637     
         133  -3.5004611795055212       -11.613648288567072     
         134  -3.9941996102881410       -12.286179382325020     
         135  -4.4854152189876242       -12.778243202058533     
         136  -4.9737977432970970       -13.125822928329443     
         137  -5.4590387103465048       -13.360284339262549     
         138  -5.9408316315406999       -13.507622256741717     
         139  -6.4188721961441919       -13.588647353018763     
         140  -6.8928584634903416       -13.619620285141016     
         141  -7.3624910536935593       -13.613029219099285     
         142  -7.8274733367440490       -13.578347655375618     
         143  -8.2875116198656826       -13.522699281232713     
         144  -8.7423153330186576       -13.451407538351646     
         145  -9.1915972124297554       -13.368433297565979     
         146  -9.6350734820343060       -13.276714958266112     
         147  -10.072464032715216       -13.178428330281530     
         148  -10.503492599225909       -13.075182913701930     
         149  -10.927886934685381       -12.968168928223205     
         150  -11.345378982535127       -12.858266810128496     
         151  -11.755705045849460       -12.746128421850520     
         152  -12.158605953892108       -12.632237106819709     
         153  -12.553827225814008       -12.516952010561083     
         154  -12.941119231388885       -12.400540745335926     
         155  -13.320237348685033       -12.283203442832994     
         156  -13.690942118573773       -12.165090456442108     
         157  -14.052999395976984       -12.046315386994543     
         158  -14.406180497758140       -11.926964667603702     
         159  -14.750262347163478       -11.807104618162017     
         160  -15.085027614722080       -11.686786639564136     
         161  -15.410264855515788       -11.566051040426157     
         162  -15.725768642732380       -11.444929858408107     
         163  -16.031339697417533       -11.323448942233949     
         164  -16.326785014343681       -11.201629489847253     
         165  -16.611917983916253       -11.079489186328244     
         166  -16.886558510040302       -10.957043047061470     
         167  -17.150533123873043       -10.834304043727135     
         168  -17.403675093390511       -10.711283570107353     
         169  -17.645824528699062       -10.587991789665754     
         170  -17.876828483025271       -10.464437895738444     
         171  -18.096541049320386       -10.340630307081065     
         172  -18.304823452418347       -10.216576815493482     
         173  -18.501544136689159       -10.092284697888132     
         174  -18.686578849132239       -9.9677608018936930     
         175  -18.859810717857290       -9.8430116117439042     
         176  -19.021130325903073       -9.7180432994107999     
         177  -19.170435780347521       -9.5928617646865639     
         178  -19.307632776665482       -9.4674726669298543     
         179  -19.432634658293480       -9.3418814505240881     
         180  -19.545362471363870       -9.2160933655420809     
         181  -19.645745014573773       -9.0901134847602698     
         182  -19.733718884157359       -8.9639467178492858     
         183  -19.809228513933022       -8.8375978233882417     
         184  -19.872226210400164       -8.7110714191629697     
         185  -19.922672182863444       -8.5843719911222394     
         186  -19.960534568565432       -8.4575039012496713     
         187  -19.985789452811787       -8.3304713945734044     
         188  -19.998420884076321       -8.2032786054588822     
         189  -19.998420884076324       -8.0759295633213188     
         190  -19.985789452811787       -7.9484281978401707     
         191  -19.960534568565432       -7.8207783437636893     
         192  -19.922672182863447       -7.6929837453500678     
         193  -19.872226210400164       -7.5650480605049903     
         194  -19.809228513933022       -7.4369748646418508     
         195  -19.733718884157362       -7.3087676543075091     
         196  -19.645745014573773       -7.1804298505879309     
         197  -19.545362471363873       -7.0519648023263377     
         198  -19.432634658293484       -6.9233757891612910     
         199  -19.307632776665482       -6.7946660244105122     
         200  -19.170435780347521       -6.6658386578037163     
         201  -19.021130325903073       -6.5368967780860681     
         202  -18.859810717857290       -6.4078434154926480     
         203  -18.686578849132243       -6.2786815441125956     
         204  -18.501544136689159       -6.1494140841416254     
         205  -18.304823452418347       -6.0200439040394560     
         206  -18.096541049320386       -5.8905738225896558     
         207  -17.876828483025275       -5.7610066108767235     
         208  -17.645824528699066       -5.6313449941773808     
         209  -17.403675093390511       -5.5015916537793101     
         210  -17.150533123873043       -5.3717492287239796     
         211  -16.886558510040306       -5.2418203174857059     
         212  -16.611917983916253       -5.1118074795832191     
         213  -16.326785014343685       -4.9817132371349215     
         214  -16.031339697417540       -4.8515400763539649     
         215  -15.725768642732376       -4.7212904489935905     
         216  -15.410264855515788       -4.5909667737385726     
         217  -15.085027614722081       -4.4605714375526491     
         218  -14.750262347163478       -4.3301067969776943     
         219  -14.406180497758143       -4.1995751793937952     
         220  -14.052999395976986       -4.0689788842361256     
         221  -13.690942118573769       -3.9383201841770763     
         222  -13.320237348685033       -3.8076013262697472     
         223  -12.941119231388889       -3.6768245330604143     
         224  -12.553827225814009       -3.5459920036665280     
         225  -12.158605953892103       -3.4151059148271155     
         226  -11.755705045849464       -3.2841684219223346     
         227  -11.345378982535125       -3.1531816599685252     
         228  -10.927886934685382       -3.0221477445857934     
         229  -10.503492599225918       -2.8910687729437785     
         230  -10.072464032715210       -2.7599468246830612     
         231  -9.6350734820343025       -2.6287839628172578     
         232  -9.1915972124297589       -2.4975822346135543     
         233  -8.7423153330186558       -2.3663436724561704     
         234  -8.2875116198656862       -2.2350702946908623     
         235  -7.8274733367440561       -2.1037641064545074     
         236  -7.3624910536935548       -1.9724271004880380     
         237  -6.8928584634903416       -1.8410612579364285     
         238  -6.4188721961441946       -1.7096685491343075     
         239  -5.9408316315406999       -1.5782509343803142     
         240  -5.4590387103465101       -1.4468103646992532     
         241  -4.9737977432970970       -1.3153487825947110     
         242  -4.4854152189876206       -1.1838681227913384     
         243  -3.9941996102881419       -1.0523703129693089     
         244  -3.5004611795055265      -0.92085727449019306     
         245  -3.0045117824151424      -0.78933092311664765     
         246  -2.5066646712860905      -0.65779316972524704     
         247  -2.0072342970242998      -0.52624592101460177     
         248  -1.5065361105586519      -0.39469108020838561     
         249  -1.0048863635953933      -0.26313054775501055     
         250 -0.50260190886675626      -0.13156622202393997     
