  -3926.9908169872415       0.41177869394621247       -1.6574372913090903E-015  -6.2239464165924019E-002
  -3865.6315854718159       0.67880629464975994       0.25653083242872210       0.19325154205093065     
  -3804.2723539563904       0.94585234061509982       0.51322292654973323       0.44909234637326856     
  -3742.9131224409643        1.2130635776367640       0.76971484668935730       0.70492617581680683     
  -3681.5538909255388        1.4806432726044281        1.0261604664344874       0.96088131328215365     
  -3620.1946594101132        1.7481989947514971        1.2827289807488294        1.2171567816578941     
  -3558.8354278946877        2.0158654512615906        1.5390573669414849        1.4733912786673731     
  -3497.4761963792616        2.2838507469706180        1.7952925889198470        1.7297019662787951     
  -3436.1169648638361        2.5517578582697409        2.0516124001470351        1.9862927066202589     
  -3374.7577333484105        2.8197096295384227        2.3076505583402334        2.2427964552646991     
  -3313.3985018329849        3.0879196845749144        2.5635475411161632        2.4993200496972472     
  -3252.0392703175589        3.3559846326875435        2.8194903814832966        2.7560736331272455     
  -3190.6800388021338        3.6240157847005641        3.0751078906944684        3.0126833937573299     
  -3129.3208072867083        3.8922332772691570        3.3305344393026308        3.2692468235554104     
  -3067.9615757712822        4.1602256813628227        3.5859671758451297        3.5259821132325539     
  -3006.6023442558567        4.4280932198801821        3.8410280884179411        3.7825076910904345     
  -2945.2431127404311        4.6960638246164184        4.0958457864940669        4.0389127691665490     
  -2883.8838812250056        4.9637163492668819        4.3506285086760279        4.2954255999531608     
  -2822.5246497095795        5.2311404442815377        4.6049893265607178        4.5516557212650390     
  -2761.1654181941544        5.4985733810189430        4.8590514133406026        4.8076851204011941     
  -2699.8061866787280        5.7655824805452802        5.1130352403038701        5.0637543060429584     
  -2638.4469551633028        6.0322473546429212        5.3665425682464987        5.3194624738293204     
  -2577.0877236478773        6.2988163977140053        5.6196914524202954        5.5748853424569997     
  -2515.7284921324513        6.5648432951591404        5.8727159447291140        5.8302780022085301     
  -2454.3692606170257        6.8303981179788975        6.1252036891350325        6.0852273357399076     
  -2393.0100291016001        7.0957423890654043        6.3772679544691364        6.3398035766578564     
  -2331.6507975861741        7.3604135833448030        6.6291579734726778        6.5942788298386894     
  -2270.2915660707490        7.6244726360969697        6.8804439043993000        6.8482249516694740     
  -2208.9323345553235        7.8881964153782684        7.1312346021232251        7.1017072479671004     
  -2147.5731030398974        8.1511029033799876        7.3817963910621636        7.3550173860087344     
  -2086.2138715244719        8.4132441496520070        7.6316777973590817        7.6077084699341295     
  -2024.8546400090463        8.6749147881394677        7.8809837144430182        7.8598411782796234     
  -1963.4954084936207        8.9356089992928407        8.1299998464587233        8.1117294414341945     
  -1902.1361769781952        9.1953699681546688        8.3782478401835903        8.3629025115604900     
  -1840.7769454627694        9.4545127061881278        8.6258292045445248        8.6134164687659904     
  -1779.4177139473438        9.7125017955756050        8.8730517338453581        8.8636104044367698     
  -1718.0584824319180        9.9693712459257569        9.1194033011692959        9.1129826805087788     
  -1656.6992509164925        10.225459193961514        9.3649827069848648        9.3615844601715104     
  -1595.3400194010669        10.480192608615670        9.6101228167951547        9.6097829759268887     
  -1533.9807878856411        10.733595464385534        9.8542680089359393        9.8570355482497387     
  -1472.6215563702156        10.986031643645124        10.097514554190548        10.103387123211101     
  -1411.2623248547898        11.236878862236255        10.340222297006390        10.349234898342342     
  -1349.9030933393640        11.486148858304844        10.581775816826493        10.593978192514859     
  -1288.5438618239386        11.734232390699425        10.822264313451697        10.837649260593331     
  -1227.1846303085129        11.980438795590739        11.062067160033555        11.080667977549995     
  -1165.8253987930871        12.224759950292160        11.300469274498568        11.322335272557829     
  -1104.4661672776617        12.467605585916072        11.537517278092707        11.562633374259818     
  -1043.1069357622359        12.708174199242935        11.773544024392832        11.801940711890158     
  -981.74770424681037        12.946401044133621        12.007578929550025        12.039305923421837     
  -920.38847273138470        13.182653800177361        12.239399828744292        12.274437535630920     
  -859.02924121595902        13.415870451695149        12.468873200813306        12.507265122881336     
  -797.67000970053346        13.645719693379625        12.693958790977845        12.735790403290409     
  -736.31077818510778        13.872145709191781        12.912776260704003        12.958093566697951     
  -674.95154666968199        14.093072894866145        13.122167265035081        13.171172249613175     
  -613.59231515425643        14.306626648718755        13.314298775538605        13.367387270421313     
  -552.23308363883086        14.509971520670852        13.477230772575492        13.535019903159917     
  -490.87385212340519        14.695616755137213        13.589564404183237        13.653344338200888     
  -429.51462060797951        14.852270584687638        13.610571518082576        13.682679015986913     
  -368.15538909255389        14.959923438692732        13.471704282455930        13.556071524712005     
  -306.79615757712821        14.979699970663471        13.056739504590491        13.160037346667863     
  -245.43692606170259        14.845711832248565        12.179275349575159        12.311415676552993     
  -184.07769454627694        14.445124491675829        10.585364077361579        10.758234967438440     
  -122.71846303085130        13.593337334848430        8.0130046702643618        8.2351259485463935     
  -61.359231515425648        12.032828933520044        4.3745059146421790        4.6396044327008230     
   0.0000000000000000        9.4864683135534502        1.8952763874914106E-015  0.27941193612972209     
   61.359231515425648        5.8375919067660345       -4.3745059146421772       -4.1203013575469720     
   122.71846303085130        1.3909598142502702       -8.0130046702643618       -7.8108553268623471     
   184.07769454627694       -3.1116580038947594       -10.585364077361582       -10.438933503027267     
   245.43692606170259       -6.8973345530970143       -12.179275349575157       -12.077720688378644     
   306.79615757712821       -9.5991637949300603       -13.056739504590492       -12.986563494473256     
   368.15538909255389       -11.290437672468851       -13.471704282455926       -13.421988495037164     
   429.51462060797951       -12.236022590348568       -13.610571518082573       -13.573993089620885     
   490.87385212340519       -12.697809534474235       -13.589564404183236       -13.561709871437259     
   552.23308363883086       -12.869666986528969       -13.477230772575490       -13.455356787109148     
   613.59231515425643       -12.872922506506068       -13.314298775538605       -13.296745114787267     
   674.95154666968199       -12.779041462185734       -13.122167265035083       -13.107971012550541     
   736.31077818510778       -12.630675165467451       -12.912776260703996       -12.901219243299806     
   797.67000970053346       -12.450315281724407       -12.693958790977845       -12.684542689430305     
   859.02924121595902       -12.250409976949955       -12.468873200813306       -12.461282425637453     
   920.38847273138470       -12.039287553312473       -12.239399828744292       -12.233307332296413     
   981.74770424681037       -11.820390060412057       -12.007578929550025       -12.002728446390551     
   1043.1069357622359       -11.595685959816016       -11.773544024392830       -11.769769721947940     
   1104.4661672776617       -11.367444484029315       -11.537517278092709       -11.534611034686254     
   1165.8253987930871       -11.135927675191915       -11.300469274498571       -11.298269002882337     
   1227.1846303085129       -10.901371353871045       -11.062067160033557       -11.060481222550322     
   1288.5438618239386       -10.664906476701821       -10.822264313451697       -10.821161045876176     
   1349.9030933393640       -10.426285852763474       -10.581775816826497       -10.581063715776027     
   1411.2623248547898       -10.185458956582561       -10.340222297006394       -10.339872663025350     
   1472.6215563702156       -9.9432712504542344       -10.097514554190548       -10.097463529484887     
   1533.9807878856411       -9.6994098936628284       -9.8542680089359358       -9.8544880703067470     
   1595.3400194010669       -9.4537748228982164       -9.6101228167951565       -9.6106435781346775     
   1656.6992509164925       -9.2070923711164330       -9.3649827069848648       -9.3658015919076103     
   1718.0584824319180       -8.9590568341799361       -9.1194033011692959       -9.1205495257779727     
   1779.4177139473438       -8.7095560051826713       -8.8730517338453581       -8.8746058650729278     
   1840.7769454627694       -8.4592409235904373       -8.6258292045445302       -8.6278402885653609     
   1902.1361769781952       -8.2078229042647415       -8.3782478401835903       -8.3807910908405603     
   1963.4954084936207       -7.9551821280641857       -8.1299998464587233       -8.1331955086562662     
   2024.8546400090463       -7.7019126491688219       -7.8809837144430217       -7.8849192497533434     
   2086.2138715244719       -7.4477420485312589       -7.6316777973590799       -7.6364603316344102     
   2147.5731030398974       -7.1925424336332417       -7.3817963910621636       -7.3875713462952328     
   2208.9323345553235       -6.9368619814605985       -7.1312346021232225       -7.1381119989744590     
   2270.2915660707490       -6.6804424003310654       -6.8804439043993009       -6.8885464675418113     
   2331.6507975861741       -6.4231469654865840       -6.6291579734726804       -6.6386399300121415     
   2393.0100291016001       -6.1654861372293688       -6.3772679544691400       -6.3882448022975193     
   2454.3692606170257       -5.9072139266385078       -6.1252036891350325       -6.1377967253645220     
   2515.7284921324513       -5.6481844477039598       -5.8727159447291104       -5.8870715741045165     
   2577.0877236478773       -5.3888770289461938       -5.6196914524202910       -5.6359139513141390     
   2638.4469551633028       -5.1290567507923948       -5.3665425682464942       -5.3847356825096488     
   2699.8061866787280       -4.8685686972012157       -5.1130352403038675       -5.1333222931317390     
   2761.1654181941544       -4.6078666790069347       -4.8590514133405982       -4.8815107001759372     
   2822.5246497095795       -4.3467261785328333       -4.6049893265607205       -4.6296933168613386     
   2883.8838812250056       -4.0849837453215567       -4.3506285086760297       -4.3776649847847828     
   2945.2431127404311       -3.8230726283567922       -4.0958457864940696       -4.1252555559543378     
   3006.6023442558567       -3.5607785083064218       -3.8410280884179446       -3.8728422161103602     
   3067.9615757712822       -3.2979301405079857       -3.5859671758451306       -3.6202293234291938     
   3129.3208072867083       -3.0349446740580355       -3.3305344393026317       -3.3672405945931780     
   3190.6800388021338       -2.7716181236612947       -3.0751078906944764       -3.1142419525674887     
   3252.0392703175589       -2.5077723118778668       -2.8194903814832957       -2.8610478067363205     
   3313.3985018329849       -2.2438123352220805       -2.5635475411161650       -2.6074767794541405     
   3374.7577333484105       -1.9795448889915450       -2.3076505583402342       -2.3538872155635069     
   3436.1169648638361       -1.7147857262182500       -2.0516124001470377       -2.1001042414199595     
   3497.4761963792616       -1.4499315545337614       -1.7952925889198426       -1.8459423449754517     
   3558.8354278946877       -1.1848001862678696       -1.5390573669414831       -1.5917556161605706     
   3620.1946594101132      -0.91920206122584514       -1.2827289807488267       -1.3373805111808927     
   3681.5538909255388      -0.65352878688099736       -1.0261604664344919       -1.0826280945894888     
   3742.9131224409643      -0.38760971422087387      -0.76971484668935286      -0.82785109102882082     
   3804.2723539563904      -0.12125052763834709      -0.51322292654972967      -0.57289770064716539     
   3865.6315854718159       0.14515934675535025      -0.25653083242872032      -0.31757589994063551     
