           1  0.41177869394621247       -1.6574372913090903E-015  -4.8975880713828329E-002
           2  0.67880629464975994       0.25653083242872210       0.20663134621692336     
           3  0.94585234061509982       0.51322292654973323       0.46253503569767496     
           4   1.2130635776367640       0.76971484668935730       0.71837790230880039     
           5   1.4806432726044281        1.0261604664344874       0.97431736411757797     
           6   1.7481989947514971        1.2827289807488294        1.2305254687209262     
           7   2.0158654512615906        1.5390573669414849        1.4866404455761231     
           8   2.2838507469706180        1.7952925889198470        1.7428100042366204     
           9   2.5517578582697409        2.0516124001470351        1.9992120518027452     
          10   2.8197096295384227        2.3076505583402334        2.2554789513268441     
          11   3.0879196845749144        2.5635475411161632        2.5117494554331437     
          12   3.3559846326875435        2.8194903814832966        2.7682084672426903     
          13   3.6240157847005641        3.0751078906944684        3.0244812261935277     
          14   3.8922332772691570        3.3305344393026308        3.2806984274539630     
          15   4.1602256813628227        3.5859671758451297        3.5370533884347184     
          16   4.4280932198801821        3.8410280884179411        3.7931629596300880     
          17   4.6960638246164184        4.0958457864940669        4.0491507580685724     
          18   4.9637163492668819        4.3506285086760279        4.3052201582727196     
          19   5.2311404442815377        4.6049893265607178        4.5609781998677503     
          20   5.4985733810189430        4.8590514133406026        4.8165424119679301     
          21   5.7655824805452802        5.1130352403038701        5.0721280431032900     
          22   6.0322473546429212        5.3665425682464987        5.3273305805669935     
          23   6.2988163977140053        5.6196914524202954        5.5822624054924566     
          24   6.5648432951591404        5.8727159447291140        5.8371525956302071     
          25   6.8303981179788975        6.1252036891350325        6.0915828438755790     
          26   7.0957423890654043        6.3772679544691364        6.3456612261638004     
          27   7.3604135833448030        6.6291579734726778        6.5996327275259832     
          28   7.6244726360969697        6.8804439043993000        6.8530622933897654     
          29   7.8881964153782684        7.1312346021232251        7.1060544126733403     
          30   8.1511029033799876        7.3817963910621636        7.3588721861792941     
          31   8.4132441496520070        7.6316777973590817        7.6110598853889373     
          32   8.6749147881394677        7.8809837144430182        7.8627190010063597     
          33   8.9356089992928407        8.1299998464587233        8.1141331157821561     
          34   9.1953699681546688        8.3782478401835903        8.3648205672503551     
          35   9.4545127061881278        8.6258292045445248        8.6148803183372511     
          36   9.7125017955756050        8.8730517338453581        8.8646189739675680     
          37   9.9693712459257569        9.1194033011692959        9.1135217710834269     
          38   10.225459193961514        9.3649827069848648        9.3616854476550664     
          39   10.480192608615670        9.6101228167951547        9.6094421739529352     
          40   10.733595464385534        9.8542680089359393        9.8562338147819766     
          41   10.986031643645124        10.097514554190548        10.102154405468934     
          42   11.236878862236255        10.340222297006390        10.347562871160344     
          43   11.486148858304844        10.581775816826493        10.591840556563607     
          44   11.734232390699425        10.822264313451697        10.835073297726403     
          45   11.980438795590739        11.062067160033555        11.077638311803810     
          46   12.224759950292160        11.300469274498568        11.318815402249138     
          47   12.467605585916072        11.537517278092707        11.558645424002759     
          48   12.708174199242935        11.773544024392832        11.797456525421348     
          49   12.946401044133621        12.007578929550025        12.034269672916269     
          50   13.182653800177361        12.239399828744292        12.268853046232090     
          51   13.415870451695149        12.468873200813306        12.501064562696378     
          52   13.645719693379625        12.693958790977845        12.728851106177476     
          53   13.872145709191781        12.912776260704003        12.950318528779530     
          54   14.093072894866145        13.122167265035081        13.162297549982126     
          55   14.306626648718755        13.314298775538605        13.356942153160640     
          56   14.509971520670852        13.477230772575492        13.522303761924155     
          57   14.695616755137213        13.589564404183237        13.636987432666624     
          58   14.852270584687638        13.610571518082576        13.660278288178494     
          59   14.959923438692732        13.471704282455930        13.523658529462487     
          60   14.979699970663471        13.056739504590491        13.110945766763091     
          61   14.845711832248565        12.179275349575159        12.235733725145591     
          62   14.445124491675829        10.585364077361579        10.643924045729179     
          63   13.593337334848430        8.0130046702643618        8.0730662596773506     
          64   12.032828933520044        4.3745059146421790        4.4346796180862285     
          65   9.4864683135534502        1.8952763874914106E-015   5.8172276569137454E-002
          66   5.8375919067660345       -4.3745059146421772       -4.3204485608001004     
          67   1.3909598142502702       -8.0130046702643618       -7.9643405441497084     
          68  -3.1116580038947594       -10.585364077361582       -10.542335180977949     
          69  -6.8973345530970143       -12.179275349575157       -12.141490450442706     
          70  -9.5991637949300603       -13.056739504590492       -13.023625773809194     
          71  -11.290437672468851       -13.471704282455926       -13.442730639892321     
          72  -12.236022590348568       -13.610571518082573       -13.585307052828824     
          73  -12.697809534474235       -13.589564404183236       -13.567661766651858     
          74  -12.869666986528969       -13.477230772575490       -13.458391960800196     
          75  -12.872922506506068       -13.314298775538605       -13.298255666689339     
          76  -12.779041462185734       -13.122167265035083       -13.108668716181253     
          77  -12.630675165467451       -12.912776260703996       -12.901579389121045     
          78  -12.450315281724407       -12.693958790977845       -12.684829758736656     
          79  -12.250409976949955       -12.468873200813306       -12.461587469347634     
          80  -12.039287553312473       -12.239399828744292       -12.233741477316158     
          81  -11.820390060412057       -12.007578929550025       -12.003344322227269     
          82  -11.595685959816016       -11.773544024392830       -11.770543190084629     
          83  -11.367444484029315       -11.537517278092709       -11.535573804913394     
          84  -11.135927675191915       -11.300469274498571       -11.299423225851051     
          85  -10.901371353871045       -11.062067160033557       -11.061775804710159     
          86  -10.664906476701821       -10.822264313451697       -10.822601627498013     
          87  -10.426285852763474       -10.581775816826497       -10.582634449137757     
          88  -10.185458956582561       -10.340222297006394       -10.341513597972096     
          89  -9.9432712504542344       -10.097514554190548       -10.099167602641586     
          90  -9.6994098936628284       -9.8542680089359358       -9.8562307440852326     
          91  -9.4537748228982164       -9.6101228167951565       -9.6123614440306646     
          92  -9.2070923711164330       -9.3649827069848648       -9.3674802621777467     
          93  -8.9590568341799361       -9.1194033011692959       -9.1221600734142818     
          94  -8.7095560051826713       -8.8730517338453581       -8.8760841493537477     
          95  -8.4592409235904373       -8.6258292045445302       -8.6291679937632910     
          96  -8.2078229042647415       -8.3782478401835903       -8.3819378944784777     
          97  -7.9551821280641857       -8.1299998464587233       -8.1340987125025386     
          98  -7.7019126491688219       -7.8809837144430217       -7.8855594779830094     
          99  -7.4477420485312589       -7.6316777973590799       -7.6368085383463669     
         100  -7.1925424336332417       -7.3817963910621636       -7.3875684445001344     
         101  -6.9368619814605985       -7.1312346021232225       -7.1377403038266962     
         102  -6.6804424003310654       -6.8804439043993009       -6.8877808199085093     
         103  -6.4231469654865840       -6.6291579734726804       -6.6374270893160068     
         104  -6.1654861372293688       -6.3772679544691400       -6.3865714433016016     
         105  -5.9072139266385078       -6.1252036891350325       -6.1356440851767537     
         106  -5.6481844477039598       -5.8727159447291104       -5.8843944216911748     
         107  -5.3888770289461938       -5.6196914524202910       -5.6327057595967078     
         108  -5.1290567507923948       -5.3665425682464942       -5.3809863096981800     
         109  -4.8685686972012157       -5.1130352403038675       -5.1289963741776958     
         110  -4.6078666790069347       -4.8590514133405982       -4.8766104892569988     
         111  -4.3467261785328333       -4.6049893265607205       -4.6242189987743929     
         112  -4.0849837453215567       -4.3506285086760297       -4.3715923586732846     
         113  -3.8230726283567922       -4.0958457864940696       -4.1185969582752531     
         114  -3.5607785083064218       -3.8410280884179446       -3.8656091296538104     
         115  -3.2979301405079857       -3.5859671758451306       -3.6124092446953844     
         116  -3.0349446740580355       -3.3305344393026317       -3.3588563917009218     
         117  -2.7716181236612947       -3.0751078906944764       -3.1053165014151967     
         118  -2.5077723118778668       -2.8194903814832957       -2.8515799512736582     
         119  -2.2438123352220805       -2.5635475411161650       -2.5974994436188723     
         120  -1.9795448889915450       -2.3076505583402342       -2.3434338493648035     
         121  -1.7147857262182500       -2.0516124001470377       -2.0891837973896639     
         122  -1.4499315545337614       -1.7952925889198426       -1.8345964411136446     
         123  -1.1848001862678696       -1.5390573669414831       -1.5800266193822097     
         124 -0.91920206122584514       -1.2827289807488267       -1.3252854621216583     
         125 -0.65352878688099736       -1.0261604664344919       -1.0702152044221300     
         126 -0.38760971422087387      -0.76971484668935286      -0.81516932548468990     
         127 -0.12125052763834709      -0.51322292654972967      -0.55996958784222084     
         128  0.14515934675535025      -0.25653083242872032      -0.30445363420618543     
