  -3926.9908169872415       0.60471737831705696       0.46861521417417862     
  -3865.6315854718159       0.93495792284236856       0.48047716748639324     
  -3804.2723539563904        1.5367671724848522       0.49296601319513389     
  -3742.9131224409643        2.1397281108099850       0.50606180202517592     
  -3681.5538909255388        2.6660209165244995       0.51848620592259165     
  -3620.1946594101132        3.3755482509014678       0.53148558308173022     
  -3558.8354278946877        4.0011211701007268       0.54507293473155349     
  -3497.4761963792616        3.9656906719928013       0.55793869252329986     
  -3436.1169648638361        3.5982821241407592       0.57131500729359952     
  -3374.7577333484105        3.5233253759694496       0.58524865833881390     
  -3313.3985018329849        3.5659935586281590       0.59839366332266308     
  -3252.0392703175589        3.5641706839233440       0.61197365754042743     
  -3190.6800388021338        3.7296656123032275       0.62607075265700785     
  -3129.3208072867083        3.8163060371368500       0.63929713895127416     
  -3067.9615757712822        3.5650103065139018       0.65287411480507640     
  -3006.6023442558567        3.2219870112104574       0.66692133740202897     
  -2945.2431127404311        2.8041567590636802       0.68000322073063835     
  -2883.8838812250056        2.3435383231825129       0.69334546268978725     
  -2822.5246497095795        2.3241686617196740       0.70710806322927544     
  -2761.1654181941544        2.5579825027048062       0.71980081720433109     
  -2699.8061866787280        2.3328738962153164       0.73266121401861106     
  -2638.4469551633028        1.9358983235423590       0.74589290626124360     
  -2577.0877236478773        1.8987447893647240       0.75794289921096081     
  -2515.7284921324513        1.7828199020119446       0.77006867762494191     
  -2454.3692606170257        1.3824148100725271       0.78252131078261677     
  -2393.0100291016001        1.2619972914871955       0.79367498479355991     
  -2331.6507975861741        1.3975449483111988       0.80481645300645721     
  -2270.2915660707490        1.1415812266065868       0.81624838221340212     
  -2208.9323345553235       0.38993985161150690       0.82625958250540510     
  -2147.5731030398974      -0.46506559755148169       0.83617683942905074     
  -2086.2138715244719       -1.2718849645181287       0.84635900388210961     
  -2024.8546400090463       -2.1249421533591035       0.85499355908400343     
  -1963.4954084936207       -2.8235955345202495       0.86346026265270703     
  -1902.1361769781952       -2.8302323841785935       0.87217916344505353     
  -1840.7769454627694       -2.0765789352234236       0.87921591984402991     
  -1779.4177139473438       -1.2756909130517740       0.88601952420735386     
  -1718.0584824319180       -1.0231862266762501       0.89307675991229973     
  -1656.6992509164925       -1.1775689571554704       0.89830491521956335     
  -1595.3400194010669       -1.2445776886976452       0.90324390549263844     
  -1533.9807878856411      -0.93778796858921765       0.90845378976553981     
  -1472.6215563702156      -0.42862411570322834       0.91166943391252864     
  -1411.2623248547898       -1.6250534766222291E-003  0.91455362430529863     
  -1349.9030933393640       0.34609243710703530       0.91775016200961435     
  -1288.5438618239386       0.44552569527004360       0.91877204108986077     
  -1227.1846303085129       -6.2719718525484414E-002  0.91946307422334417     
  -1165.8253987930871      -0.79399645208899583       0.92058328316310600     
  -1104.4661672776617       -1.1357087430642729       0.91940771042925018     
  -1043.1069357622359       -1.4540068335328695       0.91811838752302610     
  -981.74770424681037       -2.0784575626994477       0.91775673997601492     
  -920.38847273138470       -2.3331126821373251       0.91556433647776791     
  -859.02924121595902       -1.9231537935004925       0.91471274656963297     
  -797.67000970053346       -1.4684755480650704       0.91749334342233668     
  -736.31077818510778       -1.2201223161728696       0.92275769984847322     
  -674.95154666968199      -0.94712691334235188       0.93808446835493997     
  -613.59231515425643      -0.65103016286568538       0.97275778260860823     
  -552.23308363883086      -0.34457555133478579        1.0374108464945710     
  -490.87385212340519        9.7978395601976742E-002   1.1626458243976390     
  -429.51462060797951       0.60862942188282043        1.3955689313371531     
  -368.15538909255389       0.97936988914026402        1.8080178584028082     
  -306.79615757712821        1.0615253696922669        2.5235462417009460     
  -245.43692606170259       0.86450780287122875        3.6909494036660844     
  -184.07769454627694       0.61635815633190449        5.4092293139170895     
  -122.71846303085130       0.52979178283193629        7.5483167708341004     
  -61.359231515425648       0.68074675841413257        9.4760608990959145     
   0.0000000000000000        1.1475583487459706        10.216736770934855     
   61.359231515425648        1.7991089517063004        9.2833934535552114     
   122.71846303085130        2.2510937844059491        7.2053298725666508     
   184.07769454627694        2.3963014903237916        4.9693069283581508     
   245.43692606170259        2.3721081261903842        3.1925805668390503     
   306.79615757712821        2.1098732991679690        1.9870469802968265     
   368.15538909255389        1.6853247640206055        1.2421596711844678     
   429.51462060797951        1.5318223936410666       0.80351901690540317     
   490.87385212340519        1.6082793835139524       0.54595899911283596     
   552.23308363883086        1.2685534653574089       0.39750569919978096     
   613.59231515425643       0.45446388870750143       0.31110540073139747     
   674.95154666968199       -8.8919299305514343E-002  0.25657059651392122     
   736.31077818510778       -6.9311638026715583E-002  0.22352076925839828     
   797.67000970053346        8.9500475992490891E-002  0.20262049256302775     
   859.02924121595902       0.25584251774893252       0.18642076346263803     
   920.38847273138470       0.61499659033754606       0.17606972498034992     
   981.74770424681037       0.96154149368606912       0.16908357359869836     
   1043.1069357622359        1.0182716249608132       0.16230228766825361     
   1104.4661672776617       0.92428996917627693       0.15841790350273616     
   1165.8253987930871       0.91101029807313172       0.15618662192171345     
   1227.1846303085129        1.1420383377942172       0.15341820643411802     
   1288.5438618239386        1.6736141057922280       0.15276912415624166     
   1349.9030933393640        2.2270895699011493       0.15329701464375955     
   1411.2623248547898        2.6802633913306759       0.15315139984174242     
   1472.6215563702156        3.3430088466696564       0.15476003490176532     
   1533.9807878856411        4.0290892305357060       0.15731717170959658     
   1595.3400194010669        4.1210262354193610       0.15915716205025515     
   1656.6992509164925        3.7577582812648873       0.16249533727241394     
   1718.0584824319180        3.4118271756447216       0.16662628421110304     
   1779.4177139473438        3.0097705281874569       0.17001050760223801     
   1840.7769454627694        2.5910076965682345       0.17468932305751950     
   1902.1361769781952        2.3778554483126517       0.18004406496130798     
   1963.4954084936207        2.0443554473815997       0.18462899819972423     
   2024.8546400090463        1.4334126852515434       0.19034468868488519     
   2086.2138715244719        1.0755532811329009       0.19665048782825223     
   2147.5731030398974        1.1039386584611675       0.20217252058264346     
   2208.9323345553235        1.1678242804950068       0.20869659189454332     
   2270.2915660707490        1.3538582779687811       0.21575291987913336     
   2331.6507975861741        1.7876258679508861       0.22202307565214235     
   2393.0100291016001        2.1301708336123681       0.22919811379837801     
   2454.3692606170257        2.2253809904096133       0.23687278793744837     
   2515.7284921324513        2.2089666221486128       0.24377096777971452     
   2577.0877236478773        1.9544944985867396       0.25150439665334023     
   2638.4469551633028        1.2813965590696625       0.25972660127284697     
   2699.8061866787280       0.44194081991933620       0.26719267975590733     
   2761.1654181941544       -8.9008533880704621E-002  0.27544705542012271     
   2822.5246497095795      -0.21489572447776012       0.28419674361250791     
   2883.8838812250056      -0.37991445653289835       0.29221839759972107     
   2945.2431127404311      -0.83794959877286868       0.30099854042099139     
   3006.6023442558567       -1.0741388968919601       0.31029286053488053     
   3067.9615757712822      -0.64820871541969238       0.31889089828136591     
   3129.3208072867083       -5.2706116844379647E-002  0.32822882041610962     
   3190.6800388021338       0.11566849171191551       0.33810668297264934     
   3252.0392703175589        7.7954383576852138E-002  0.34731902866451725     
   3313.3985018329849       0.29249481646015330       0.35725789847624156     
   3374.7577333484105       0.77021143112998980       0.36776398895469303     
   3436.1169648638361        1.2801072730285625       0.37762961831878350     
   3497.4761963792616        1.5676086437560026       0.38820807647240618     
   3558.8354278946877        1.4685806256208711       0.39937762913471109     
   3620.1946594101132        1.1773882606134356       0.40992172251008108     
   3681.5538909255388        1.0050973401340895       0.42115978486461070     
   3742.9131224409643       0.90234842225607781       0.43300530630395029     
   3804.2723539563904       0.71856287093375237       0.44422672727732104     
   3865.6315854718159       0.56487648859565087       0.45611431346919495     
