           1   2.4492935982947065E-015  -9.6404781879232333E-016
           2  0.98135348654835952       0.25720469653449252     
           3   1.9603428065912167       0.51455654942134910     
           4   2.9346094891072361       0.77172005675739719     
           5   3.9018064403225723        1.0288356233501865     
           6   4.8596035980652816        1.2860576410588092     
           7   5.8056935450892482        1.5430491093361649     
           8   6.7377970678444061        1.7999441042286373     
           9   7.6536686473017976        2.0569048096371967     
          10   8.5511018686056399        2.3135911844292085     
          11   9.4279347365199566        2.5701313474182275     
          12   10.282054883864433        2.8266959171901087     
          13   11.111404660392042        3.0829401804438268     
          14   11.913986089848667        3.3389866281304688     
          15   12.687865683272907        3.5950150587033232     
          16   13.431179096940371        3.8506743126312433     
          17   14.142135623730955        4.1060815491950233     
          18   14.819022507099183        4.3614266146746896     
          19   15.460209067254745        4.6163499230950809     
          20   16.064150629612900        4.8709635748244295     
          21   16.629392246050909        5.1254684798601229     
          22   17.154572200005443        5.3794943589712823     
          23   17.638425286967099        5.6331485146603324     
          24   18.079785862468867        5.8866441158624410     
          25   18.477590650225736        6.1395975308042479     
          26   18.830881303660419        6.3921115289232109     
          27   19.138806714644183        6.6444129516697998     
          28   19.400625063890885        6.8961016182410697     
          29   19.615705608064612        7.1472760551920977     
          30   19.783530199295619        7.3981784556356640     
          31   19.903694533443932        7.6483881499699660     
          32   19.975909124103449        7.8979997671764819     
          33   19.999999999999996        8.1472728475954277     
          34   19.975909124103449        8.3957612386904863     
          35   19.903694533443936        8.6435561023631564     
          36   19.783530199295619        8.8909366614210938     
          37   19.615705608064612        9.1374247052865023     
          38   19.400625063890882        9.3831083988566135     
          39   19.138806714644183        9.6282891436619700     
          40   18.830881303660416        9.8724473744921113     
          41   18.477590650225732        10.115668152420881     
          42   18.079785862468864        10.358276354031670     
          43   17.638425286967095        10.599695382260590     
          44   17.154572200005443        10.840002297725016     
          45   16.629392246050905        11.079537305058359     
          46   16.064150629612900        11.317627977834723     
          47   15.460209067254741        11.554307502939995     
          48   14.819022507099184        11.789864643760943     
          49   14.142135623730951        12.023376976465421     
          50   13.431179096940367        12.254606528772795     
          51   12.687865683272907        12.483368276063965     
          52   11.913986089848665        12.707674107344642     
          53   11.111404660392044        12.925613986488710     
          54   10.282054883864431        13.133947433097557     
          55   9.4279347365199513        13.324857512750448     
          56   8.5511018686056417        13.486273376102918     
          57   7.6536686473017959        13.596536770967965     
          58   6.7377970678444026        13.614683283993742     
          59   5.8056935450892482        13.471653818431276     
          60   4.8596035980652790        13.050676089447046     
          61   3.9018064403225656        12.165517037069986     
          62   2.9346094891072347        10.563896452453740     
          63   1.9603428065912121        7.9884042547109972     
          64  0.98135348654836030        4.3572128066249025     
          65  -0.0000000000000000        8.1230902060792714E-016
          66 -0.98135348654836030       -4.3572128066249007     
          67  -1.9603428065912121       -7.9884042547109972     
          68  -2.9346094891072347       -10.563896452453738     
          69  -3.9018064403225656       -12.165517037069987     
          70  -4.8596035980652790       -13.050676089447045     
          71  -5.8056935450892482       -13.471653818431273     
          72  -6.7377970678444026       -13.614683283993738     
          73  -7.6536686473017959       -13.596536770967962     
          74  -8.5511018686056417       -13.486273376102911     
          75  -9.4279347365199513       -13.324857512750443     
          76  -10.282054883864431       -13.133947433097557     
          77  -11.111404660392044       -12.925613986488706     
          78  -11.913986089848665       -12.707674107344639     
          79  -12.687865683272907       -12.483368276063965     
          80  -13.431179096940367       -12.254606528772795     
          81  -14.142135623730951       -12.023376976465423     
          82  -14.819022507099184       -11.789864643760938     
          83  -15.460209067254741       -11.554307502939997     
          84  -16.064150629612900       -11.317627977834725     
          85  -16.629392246050905       -11.079537305058361     
          86  -17.154572200005443       -10.840002297725015     
          87  -17.638425286967095       -10.599695382260593     
          88  -18.079785862468864       -10.358276354031670     
          89  -18.477590650225732       -10.115668152420881     
          90  -18.830881303660416       -9.8724473744921024     
          91  -19.138806714644183       -9.6282891436619700     
          92  -19.400625063890882       -9.3831083988566171     
          93  -19.615705608064612       -9.1374247052865023     
          94  -19.783530199295619       -8.8909366614210921     
          95  -19.903694533443936       -8.6435561023631582     
          96  -19.975909124103449       -8.3957612386904881     
          97  -19.999999999999996       -8.1472728475954277     
          98  -19.975909124103449       -7.8979997671764828     
          99  -19.903694533443932       -7.6483881499699651     
         100  -19.783530199295619       -7.3981784556356649     
         101  -19.615705608064612       -7.1472760551920977     
         102  -19.400625063890885       -6.8961016182410688     
         103  -19.138806714644183       -6.6444129516698034     
         104  -18.830881303660419       -6.3921115289232171     
         105  -18.477590650225736       -6.1395975308042443     
         106  -18.079785862468867       -5.8866441158624410     
         107  -17.638425286967099       -5.6331485146603288     
         108  -17.154572200005443       -5.3794943589712805     
         109  -16.629392246050909       -5.1254684798601176     
         110  -16.064150629612900       -4.8709635748244313     
         111  -15.460209067254745       -4.6163499230950826     
         112  -14.819022507099183       -4.3614266146746923     
         113  -14.142135623730955       -4.1060815491950242     
         114  -13.431179096940371       -3.8506743126312504     
         115  -12.687865683272907       -3.5950150587033232     
         116  -11.913986089848667       -3.3389866281304723     
         117  -11.111404660392042       -3.0829401804438286     
         118  -10.282054883864433       -2.8266959171901114     
         119  -9.4279347365199566       -2.5701313474182319     
         120  -8.5511018686056399       -2.3135911844292112     
         121  -7.6536686473017976       -2.0569048096372011     
         122  -6.7377970678444061       -1.7999441042286390     
         123  -5.8056935450892482       -1.5430491093361649     
         124  -4.8596035980652816       -1.2860576410588092     
         125  -3.9018064403225723       -1.0288356233501865     
         126  -2.9346094891072361      -0.77172005675739808     
         127  -1.9603428065912165      -0.51455654942134910     
         128 -0.98135348654835930      -0.25720469653449296     
