           1  -7.9747304802002779       -12.445278077866671       -11.677523147573320     
           2  -7.7964235202204994       -12.089617674087551       -11.349157243515091     
           3  -7.6098345304321739       -11.730591367328010       -11.017140508789257     
           4  -7.4155330893640636       -11.367918623771203       -10.680989078846324     
           5  -7.2140436119663427       -11.001629603516033       -10.340669512719860     
           6  -7.0058503477282112       -10.632612219517931       -9.9974147829712994     
           7  -6.7914017471257040       -10.260576972907041       -9.6507513300769396     
           8  -6.5711142868453090       -9.8855089247597849       -9.3005989041831931     
           9  -6.3453758305392567       -9.5082323201857264       -8.9481138187880269     
          10  -6.1145485902673808       -9.1284568922452678       -8.5928348806995789     
          11  -5.8789717439890463       -8.7461321380978010       -8.2346405699161487     
          12  -5.6389637561891730       -8.3620337372332045       -7.8746254124934847     
          13  -5.3948244417600399       -7.9758756569291780       -7.5123418392283021     
          14  -5.1468368074100521       -7.5875782702796126       -7.1476312207822357     
          15  -4.8952686999203436       -7.1978798573087683       -6.7815380182869323     
          16  -4.6403742864087514       -6.8065017567185553       -6.4136290102475728     
          17  -4.3823953882608446       -6.4133397002923109       -6.0437116128109860     
          18  -4.1215626874092361       -6.0191031297015956       -5.6727897326609327     
          19  -3.8580968211340165       -5.6235227770390290       -5.3004449861190635     
          20  -3.5922093794433705       -5.2264729298403010       -4.9264533452524848     
          21  -3.3241038172799806       -4.8286409847173362       -4.5517861938963406     
          22  -3.0539762922699980       -4.4297684164790549       -4.1760404938325566     
          23  -2.7820164374433416       -4.0297103945004187       -3.7989629266432248     
          24  -2.5084080772391677       -3.6291378481628449       -3.4214994505605398     
          25  -2.2333298941736537       -3.2278039442806898       -3.0432630727320307     
          26  -1.9569560527629664       -2.8255464561543082       -2.6639731770463282     
          27  -1.6794567866104093       -2.4230245902667944       -2.2845568437407930     
          28  -1.4009989540000296       -2.0200039304746928       -1.9046441139698835     
          29  -1.1217465668743352       -1.6163061511476178       -1.5239290139738655     
          30 -0.84186129766849049       -1.2125829246782258       -1.1433260005456827     
          31 -0.56150296815058698      -0.80861287286283723      -0.76248345380192717     
          32 -0.28083002416941610      -0.40420256917139064      -0.38107196228869622     
          33  -2.0207291051445171E-017  -9.4887743616703551E-016   5.1962152677192952E-007
          34  0.28083002416941316       0.40420256917139241       0.38106567803352576     
          35  0.56150296815058820       0.80861287286283989       0.76247448780546989     
          36  0.84186129766849183        1.2125829246782240        1.1433194163708276     
          37   1.1217465668743369        1.6163061511476222        1.5239103933083022     
          38   1.4009989540000314        2.0200039304746937        1.9046181918119647     
          39   1.6794567866104100        2.4230245902667988        2.2845296031768125     
          40   1.9569560527629639        2.8255464561543064        2.6639308258522663     
          41   2.2333298941736524        3.2278039442806890        3.0432108547948440     
          42   2.5084080772391655        3.6291378481628449        3.4214446358094488     
          43   2.7820164374433425        4.0297103945004142        3.7988925770766118     
          44   3.0539762922699980        4.4297684164790487        4.1759605793527967     
          45   3.3241038172799802        4.8286409847173353        4.5517054197687408     
          46   3.5922093794433696        5.2264729298403001        4.9263596082315040     
          47   3.8580968211340148        5.6235227770390228        5.3003449390402153     
          48   4.1215626874092317        6.0191031297015876        5.6726934009915686     
          49   4.3823953882608446        6.4133397002923056        6.0436074314603463     
          50   4.6403742864087478        6.8065017567185544        6.4135240042686590     
          51   4.8952686999203445        7.1978798573087657        6.7814431689486723     
          52   5.1468368074100539        7.5875782702796064        7.1475349605049576     
          53   5.3948244417600426        7.9758756569291842        7.5122510461615466     
          54   5.6389637561891730        8.3620337372332081        7.8745514940678421     
          55   5.8789717439890499        8.7461321380978063        8.2345712750794462     
          56   6.1145485902673817        9.1284568922452660        8.5927763447689820     
          57   6.3453758305392576        9.5082323201857299        8.9480773368248059     
          58   6.5711142868453072        9.8855089247597778        9.3005708930920452     
          59   6.7914017471257031        10.260576972907039        9.6507367079305322     
          60   7.0058503477282139        10.632612219517927        9.9974244025004086     
          61   7.2140436119663418        11.001629603516033        10.340688065629003     
          62   7.4155330893640610        11.367918623771207        10.681020151660702     
          63   7.6098345304321731        11.730591367328014        11.017194632432151     
          64   7.7964235202204977        12.089617674087547        11.349217469883369     
          65   7.9747304802002761        12.445278077866671        11.677592192729533     
          66   8.1441349320137757        12.796599728495311        12.000998273736069     
          67   8.3039588980034207        13.143492698745085        12.319386326473332     
          68   8.4534592920576621        13.486214677145139        12.633268434774912     
          69   8.5918191302966882        13.823676456334486        12.941205159007051     
          70   8.7181373648889657        14.155704635109004        13.243082913885173     
          71   8.8314171169852127        14.482509504602623        13.539419195895679     
          72   8.9305520587228120        14.802836221824100        13.828624028194721     
          73   9.0143106736174907        15.116386980815435        14.110509595778311     
          74   9.0813181165547601        15.423278481954771        14.385595342859423     
          75   9.1300354107921198        15.722006476304456        14.652098782101664     
          76   9.1587357784774355        16.012071199188846        14.909746021427944     
          77   9.1654780319599087        16.293400421915472        15.159051477251523     
          78   9.1480771987858009        16.564080271514129        15.397975582934402     
          79   9.1040729761289256        16.823240066206118        15.626130741227042     
          80   9.0306972972495885        17.070390802233426        15.843985189568595     
          81   8.9248433573104808        17.302840018118967        16.049088026130597     
          82   8.7830400256992025        17.518889110960615        16.240786486195866     
          83   8.6014378093285728        17.716946290199509        16.419214119975745     
          84   8.3758155281021907        17.892409275981773        16.580848054030632     
          85   8.1016205900486078        18.041075826730516        16.723742159840214     
          86   7.7740598934204579        18.157438936441089        16.845697170648531     
          87   7.3882621091167495        18.230063054202283        16.938134505741040     
          88   6.9395338108794409        18.243833086712627        16.990597962175695     
          89   6.4237290801345619        18.174122952482445        16.984619721767508     
          90   5.8377414958400839        17.975080693782033        16.879944289735185     
          91   5.1801056102137810        17.571877889173802        16.608868222071415     
          92   4.4516609293823768        16.836455360902949        16.049025982561194     
          93   3.6561887699699787        15.556325396435280        14.984457653520593     
          94   2.8008923051763155        13.431107567690081        13.095746605904766     
          95   1.8965710491286700        10.132119579808187        10.007563949190414     
          96  0.95736291445878452        5.5252190534779029        5.5253081322920403     
          97   3.5325063877490558E-015   1.6814690957835468E-014   3.3581325270820438E-002
          98 -0.95736291445877597       -5.5252190534778727       -5.4652277060530672     
          99  -1.8965710491286645       -10.132119579808164       -9.9638116661497236     
         100  -2.8008923051763124       -13.431107567690070       -13.068589894920835     
         101  -3.6561887699699751       -15.556325396435273       -14.969364889683629     
         102  -4.4516609293823732       -16.836455360902946       -16.041319916640632     
         103  -5.1801056102137757       -17.571877889173798       -16.605154505823222     
         104  -5.8377414958400777       -17.975080693782026       -16.878192467322673     
         105  -6.4237290801345583       -18.174122952482442       -16.983799135537595     
         106  -6.9395338108794355       -18.243833086712623       -16.990135340091861     
         107  -7.3882621091167486       -18.230063054202283       -16.937764563040499     
         108  -7.7740598934204597       -18.157438936441089       -16.845357488871876     
         109  -8.1016205900486078       -18.041075826730516       -16.723377144579107     
         110  -8.3758155281021871       -17.892409275981777       -16.580451645662201     
         111  -8.6014378093285693       -17.716946290199502       -16.418831527077863     
         112  -8.7830400256992007       -17.518889110960611       -16.240409538806787     
         113  -8.9248433573104808       -17.302840018118967       -16.048722337744863     
         114  -9.0306972972495849       -17.070390802233430       -15.843664979340691     
         115  -9.1040729761289256       -16.823240066206122       -15.625839295800894     
         116  -9.1480771987858027       -16.564080271514129       -15.397708025734834     
         117  -9.1654780319599087       -16.293400421915472       -15.158828865918577     
         118  -9.1587357784774319       -16.012071199188842       -14.909546778738470     
         119  -9.1300354107921216       -15.722006476304454       -14.651914217769079     
         120  -9.0813181165547601       -15.423278481954769       -14.385442008000439     
         121  -9.0143106736174872       -15.116386980815435       -14.110367488579325     
         122  -8.9305520587228102       -14.802836221824093       -13.828485852610831     
         123  -8.8314171169852145       -14.482509504602628       -13.539301657706206     
         124  -8.7181373648889693       -14.155704635109000       -13.242969898264453     
         125  -8.5918191302966882       -13.823676456334486       -12.941092012198844     
         126  -8.4534592920576603       -13.486214677145135       -12.633172892615596     
         127  -8.3039588980034207       -13.143492698745089       -12.319295615970329     
         128  -8.1441349320137739       -12.796599728495311       -12.000909444200149     
