  -3926.9908169872415       0.60471737831705696       0.71286814406218291     
  -3865.6315854718159       0.93495792284236856       0.74451251069856328     
  -3804.2723539563904        1.5367671724848522       0.77714212770715418     
  -3742.9131224409643        2.1397281108099850       0.81155418633705523     
  -3681.5538909255388        2.6660209165244995       0.84639965879525048     
  -3620.1946594101132        3.3755482509014678       0.88185229410651189     
  -3558.8354278946877        4.0011211701007268       0.91866213240037431     
  -3497.4761963792616        3.9656906719928013       0.95541268830560599     
  -3436.1169648638361        3.5982821241407592       0.99218192601030253     
  -3374.7577333484105        3.5233253759694496        1.0297013652865750     
  -3313.3985018329849        3.5659935586281590        1.0665115951420767     
  -3252.0392703175589        3.5641706839233440        1.1026274011953094     
  -3190.6800388021338        3.7296656123032275        1.1387996699809986     
  -3129.3208072867083        3.8163060371368500        1.1735562272443134     
  -3067.9615757712822        3.5650103065139018        1.2068838516193852     
  -3006.6023442558567        3.2219870112104574        1.2395910585944852     
  -2945.2431127404311        2.8041567590636802        1.2702196946270590     
  -2883.8838812250056        2.3435383231825129        1.2987578377636990     
  -2822.5246497095795        2.3241686617196740        1.3261025907628330     
  -2761.1654181941544        2.5579825027048062        1.3508260350060852     
  -2699.8061866787280        2.3328738962153164        1.3729349748045123     
  -2638.4469551633028        1.9358983235423590        1.3934339390652803     
  -2577.0877236478773        1.8987447893647240        1.4109267013772033     
  -2515.7284921324513        1.7828199020119446        1.4254414745499604     
  -2454.3692606170257        1.3824148100725271        1.4380952558088866     
  -2393.0100291016001        1.2619972914871955        1.4475088119604043     
  -2331.6507975861741        1.3975449483111988        1.4537194212149633     
  -2270.2915660707490        1.1415812266065868        1.4579484315426308     
  -2208.9323345553235       0.38993985161150690        1.4588030887162637     
  -2147.5731030398974      -0.46506559755148169        1.4563036651046022     
  -2086.2138715244719       -1.2718849645181287        1.4517567027023077     
  -2024.8546400090463       -2.1249421533591035        1.4437110506623176     
  -1963.4954084936207       -2.8235955345202495        1.4321329682713126     
  -1902.1361769781952       -2.8302323841785935        1.4183881314683338     
  -1840.7769454627694       -2.0765789352234236        1.4009113483889222     
  -1779.4177139473438       -1.2756909130517740        1.3795730881861359     
  -1718.0584824319180       -1.0231862266762501        1.3557739253671968     
  -1656.6992509164925       -1.1775689571554704        1.3277767643643950     
  -1595.3400194010669       -1.2445776886976452        1.2953226985894501     
  -1533.9807878856411      -0.93778796858921765        1.2598415443831357     
  -1472.6215563702156      -0.42862411570322834        1.2193801576242653     
  -1411.2623248547898       -1.6250534766222291E-003   1.1735465270217964     
  -1349.9030933393640       0.34609243710703530        1.1238375152284665     
  -1288.5438618239386       0.44552569527004360        1.0680733175951569     
  -1227.1846303085129       -6.2719718525484414E-002   1.0057793994662294     
  -1165.8253987930871      -0.79399645208899583       0.93862339797783445     
  -1104.4661672776617       -1.1357087430642729       0.86422787621946984     
  -1043.1069357622359       -1.4540068335328695       0.78214755277906589     
  -981.74770424681037       -2.0784575626994477       0.69438519383064234     
  -920.38847273138470       -2.3331126821373251       0.59839750858476126     
  -859.02924121595902       -1.9231537935004925       0.49391763284279799     
  -797.67000970053346       -1.4684755480650704       0.38349250461056572     
  -736.31077818510778       -1.2201223161728696       0.26446334379599501     
  -674.95154666968199      -0.94712691334235188       0.13719019206228253     
  -613.59231515425643      -0.65103016286568538        5.7571934721479812E-003
  -552.23308363883086      -0.34457555133478579      -0.13069215534709838     
  -490.87385212340519        9.7978395601976742E-002 -0.26580417822997032     
  -429.51462060797951       0.60862942188282043      -0.38197816872254853     
  -368.15538909255389       0.97936988914026402      -0.45288415994355680     
  -306.79615757712821        1.0615253696922669      -0.41326967707043394     
  -245.43692606170259       0.86450780287122875      -0.13944338050390925     
  -184.07769454627694       0.61635815633190449       0.54405650631763192     
  -122.71846303085130       0.52979178283193629        1.8075249788998256     
  -61.359231515425648       0.68074675841413257        3.5647669530676636     
   0.0000000000000000        1.1475583487459706        5.2408960024044671     
   61.359231515425648        1.7991089517063004        6.1077641260155122     
   122.71846303085130        2.2510937844059491        5.9543233898616581     
   184.07769454627694        2.3963014903237916        5.1814596240073509     
   245.43692606170259        2.3721081261903842        4.2832500606808930     
   306.79615757712821        2.1098732991679690        3.5066115804369655     
   368.15538909255389        1.6853247640206055        2.9087451539774785     
   429.51462060797951        1.5318223936410666        2.4668734318660333     
   490.87385212340519        1.6082793835139524        2.1328563858995797     
   552.23308363883086        1.2685534653574089        1.8733990190933594     
   613.59231515425643       0.45446388870750143        1.6665378936343895     
   674.95154666968199       -8.8919299305514343E-002   1.4923052369903433     
   736.31077818510778       -6.9311638026715583E-002   1.3427321855192955     
   797.67000970053346        8.9500475992490891E-002   1.2132069952777045     
   859.02924121595902       0.25584251774893252        1.0962214498941552     
   920.38847273138470       0.61499659033754606       0.99079717314554827     
   981.74770424681037       0.96154149368606912       0.89634537969707173     
   1043.1069357622359        1.0182716249608132       0.80863913735354709     
   1104.4661672776617       0.92428996917627693       0.72826613783960170     
   1165.8253987930871       0.91101029807313172       0.65561133057864351     
   1227.1846303085129        1.1420383377942172       0.58766074396911150     
   1288.5438618239386        1.6736141057922280       0.52544082445718199     
   1349.9030933393640        2.2270895699011493       0.46966221313756529     
   1411.2623248547898        2.6802633913306759       0.41792186896854266     
   1472.6215563702156        3.3430088466696564       0.37134337249174876     
   1533.9807878856411        4.0290892305357060       0.33071988272888431     
   1595.3400194010669        4.1210262354193610       0.29395157907869285     
   1656.6992509164925        3.7577582812648873       0.26207936802123166     
   1718.0584824319180        3.4118271756447216       0.23583827899261556     
   1779.4177139473438        3.0097705281874569       0.21324632350893602     
   1840.7769454627694        2.5910076965682345       0.19517056266296762     
   1902.1361769781952        2.3778554483126517       0.18222613582150360     
   1963.4954084936207        2.0443554473815997       0.17246241029163745     
   2024.8546400090463        1.4334126852515434       0.16655910983085898     
   2086.2138715244719        1.0755532811329009       0.16501910480863269     
   2147.5731030398974        1.1039386584611675       0.16591280131931174     
   2208.9323345553235        1.1678242804950068       0.16977467603145746     
   2270.2915660707490        1.3538582779687811       0.17704794939022117     
   2331.6507975861741        1.7876258679508861       0.18585788308606666     
   2393.0100291016001        2.1301708336123681       0.19666152813523075     
   2454.3692606170257        2.2253809904096133       0.20991095994646436     
   2515.7284921324513        2.2089666221486128       0.22383321619374608     
   2577.0877236478773        1.9544944985867396       0.23887466758338594     
   2638.4469551633028        1.2813965590696625       0.25555671463154422     
   2699.8061866787280       0.44194081991933620       0.27224535157076113     
   2761.1654181941544       -8.9008533880704621E-002  0.28942384948626465     
   2822.5246497095795      -0.21489572447776012       0.30772067556755245     
   2883.8838812250056      -0.37991445653289835       0.32565550989789382     
   2945.2431127404311      -0.83794959877286868       0.34376844497277392     
   3006.6023442558567       -1.0741388968919601       0.36280450378973578     
   3067.9615757712822      -0.64820871541969238       0.38142567147753781     
   3129.3208072867083       -5.2706116844379647E-002  0.40022077524149868     
   3190.6800388021338       0.11566849171191551       0.42003455305744786     
   3252.0392703175589        7.7954383576852138E-002  0.43963713462899801     
   3313.3985018329849       0.29249481646015330       0.45963572335337499     
   3374.7577333484105       0.77021143112998980       0.48093890070397455     
   3436.1169648638361        1.2801072730285625       0.50237615295249816     
   3497.4761963792616        1.5676086437560026       0.52453013024616069     
   3558.8354278946877        1.4685806256208711       0.54832890641101850     
   3620.1946594101132        1.1773882606134356       0.57260866766178353     
   3681.5538909255388        1.0050973401340895       0.59788344276658889     
   3742.9131224409643       0.90234842225607781       0.62505947559509978     
   3804.2723539563904       0.71856287093375237       0.65293410334891044     
   3865.6315854718159       0.56487648859565087       0.68191827629275248     
