  -3926.9908169872415       0.63914463346310413       -2.1662997207517566E-015   2.0330520586058942E-002
  -3865.6315854718159        1.0700319957783933       0.40420256917139152       0.40637179934652190     
  -3804.2723539563904        1.5020525586142512       0.80861287286283900       0.79319963937799542     
  -3742.9131224409643        1.9351225926936744        1.2125829246782249        1.1805779451255507     
  -3681.5538909255388        2.3690417544578901        1.6163061511476196        1.5689397586837748     
  -3620.1946594101132        2.8037530914464988        2.0200039304746955        1.9587459502879216     
  -3558.8354278946877        3.2391089228902867        2.4230245902667997        2.3496302352758445     
  -3497.4761963792616        3.6748419204283564        2.8255464561543127        2.7418618392098200     
  -3436.1169648638361        4.1108308278815660        3.2278039442806890        3.1357445194149367     
  -3374.7577333484105        4.5468706879172363        3.6291378481628449        3.5307265104396919     
  -3313.3985018329849        4.9826364354379749        4.0297103945004169        3.9268774476346584     
  -3252.0392703175589        5.4179547757512445        4.4297684164790523        4.3243265269097115     
  -3190.6800388021338        5.8525774442310308        4.8286409847173362        4.7223333840566903     
  -3129.3208072867083        6.2861365877876008        5.2264729298403036        5.1207841626372526     
  -3067.9615757712822        6.7184233372364526        5.6235227770390237        5.5196661070836051     
  -3006.6023442558567        7.1491628103289022        6.0191031297015929        5.9180935483405692     
  -2945.2431127404311        7.5779605831133008        6.4133397002923065        6.3158274355224551     
  -2883.8838812250056        8.0045886983182459        6.8065017567185571        6.7127831813359329     
  -2822.5246497095795        8.4287611537738503        7.1978798573087666        7.1080050314826391     
  -2761.1654181941544        8.8500707990122223        7.5875782702796100        7.5012138911992183     
  -2699.8061866787280        9.2682837587750129        7.9758756569291860        7.8923451326453495     
  -2638.4469551633028        9.6831140983035802        8.3620337372332116        8.2804636967576677     
  -2577.0877236478773        10.094150441886381        8.7461321380978099        8.6653457228278867     
  -2515.7284921324513        10.501160004884632        9.1284568922452713        9.0470423404313358     
  -2454.3692606170257        10.903860928708445        9.5082323201857299        9.4247260199637619     
  -2393.0100291016001        11.301837757245620        9.8855089247597832        9.7983119558437117     
  -2331.6507975861741        11.694856443637914        10.260576972907042        10.168042498185581     
  -2270.2915660707490        12.082632466237857        10.632612219517934        10.533252759674324     
  -2208.9323345553235        12.464734013909979        11.001629603516037        10.894038820236545     
  -2147.5731030398974        12.840909517330696        11.367918623771208        11.250856629256024     
  -2086.2138715244719        13.210849135987809        11.730591367328016        11.603193153007338     
  -2024.8546400090463        13.574074211754304        12.089617674087549        11.951292195823521     
  -1963.4954084936207        13.930279285766350        12.445278077866673        12.295763012747150     
  -1902.1361769781952        14.279084105126122        12.796599728495314        12.636143651796163     
  -1840.7769454627694        14.619907954532598        13.143492698745089        12.972702660324430     
  -1779.4177139473438        14.952329245722858        13.486214677145142        13.306056175198826     
  -1718.0584824319180        15.275825277770753        13.823676456334489        13.635611393980192     
  -1656.6992509164925        15.589631024357438        14.155704635109007        13.961472052706213     
  -1595.3400194010669        15.893121866050061        14.482509504602628        14.284065058280147     
  -1533.9807878856411        16.185539297404567        14.802836221824101        14.602450181544734     
  -1472.6215563702156        16.465835876330146        15.116386980815436        14.916365746215948     
  -1411.2623248547898        16.733090393132759        15.423278481954775        15.225862438374090     
  -1349.9030933393640        16.986218322315001        15.722006476304458        15.529456543399835     
  -1288.5438618239386        17.223805764403458        16.012071199188846        15.826358732947003     
  -1227.1846303085129        17.444567513139447        16.293400421915475        16.116100514549618     
  -1165.8253987930871        17.647034393103596        16.564080271514136        16.396490324797320     
  -1104.4661672776617        17.829369310011561        16.823240066206125        16.666073114921577     
  -1043.1069357622359        17.989862983432886        17.070390802233433        16.923706630891761     
  -981.74770424681037        18.126554755236675        17.302840018118975        17.166240979585524     
  -920.38847273138470        18.236974229969540        17.518889110960629        17.391244249148901     
  -859.02924121595902        18.318595418339552        17.716946290199516        17.596394830015281     
  -797.67000970053346        18.368219762743859        17.892409275981780        17.776667217993847     
  -736.31077818510778        18.381402490561285        18.041075826730523        17.927193815168625     
  -674.95154666968199        18.352496709048658        18.157438936441096        18.041894242476275     
  -613.59231515425643        18.273134265549558        18.230063054202290        18.109193741166571     
  -552.23308363883086        18.130314287058646        18.243833086712630        18.113620938696812     
  -490.87385212340519        17.904380864803539        18.174122952482449        18.030466237124180     
  -429.51462060797951        17.563858829754786        17.975080693782036        17.814620241347463     
  -368.15538909255389        17.058284017313696        17.571877889173805        17.392453482501612     
  -306.79615757712821        16.309313472167709        16.836455360902949        16.639284393538169     
  -245.43692606170259        15.198928412032027        15.556325396435282        15.350552776457150     
  -184.07769454627694        13.565343721612724        13.431107567690074        13.239551278114710     
  -122.71846303085130        11.226374483197763        10.132119579808176        9.9965246666251630     
  -61.359231515425648        8.0550909977563485        5.5252190534778833        5.4976175640613221     
   0.0000000000000000        4.1132787895750695       -5.7190133995522575E-015  0.10976846837105808     
   61.359231515425648      -0.24935678874756018       -5.5252190534778967       -5.2996361377881911     
   122.71846303085130       -4.4827936831383290       -10.132119579808187       -9.8483270801762810     
   184.07769454627694       -8.0979474978068495       -13.431107567690086       -13.141610772595966     
   245.43692606170259       -10.872629027249797       -15.556325396435284       -15.287707129607014     
   306.79615757712821       -12.845405699726516       -16.836455360902953       -16.595770089057559     
   368.15538909255389       -14.182727873570366       -17.571877889173805       -17.357518814218352     
   429.51462060797951       -15.066184933231803       -17.975080693782036       -17.782992553006324     
   490.87385212340519       -15.641986730070007       -18.174122952482449       -18.000954109821265     
   552.23308363883086       -16.011732788931255       -18.243833086712630       -18.087149493364109     
   613.59231515425643       -16.241884798346369       -18.230063054202287       -18.087895583623467     
   674.95154666968199       -16.374815722244822       -18.157438936441096       -18.028475371611695     
   736.31077818510778       -16.436778308915095       -18.041075826730523       -17.924196268921222     
   797.67000970053346       -16.444698079663695       -17.892409275981777       -17.786399149490453     
   859.02924121595902       -16.409855751772199       -17.716946290199509       -17.620836697411587     
   920.38847273138470       -16.339545217359507       -17.518889110960622       -17.431736409951466     
   981.74770424681037       -16.239124605024344       -17.302840018118971       -17.223618861507937     
   1043.1069357622359       -16.112700005649380       -17.070390802233433       -16.998339050731097     
   1104.4661672776617       -15.963092611479945       -16.823240066206125       -16.757683694591819     
   1165.8253987930871       -15.792719732333801       -16.564080271514133       -16.504336181085012     
   1227.1846303085129       -15.603647536539953       -16.293400421915475       -16.239048939441108     
   1288.5438618239386       -15.397275341760231       -16.012071199188846       -15.962768780105868     
   1349.9030933393640       -15.174941440548974       -15.722006476304458       -15.677368278335098     
   1411.2623248547898       -14.937866526555002       -15.423278481954771       -15.383092460793989     
   1472.6215563702156       -14.686823833310958       -15.116386980815431       -15.080426067543550     
   1533.9807878856411       -14.422651245233899       -14.802836221824094       -14.770738947544011     
   1595.3400194010669       -14.146178370168236       -14.482509504602628       -14.453970291568304     
   1656.6992509164925       -13.857913086648857       -14.155704635109004       -14.130308914797316     
   1718.0584824319180       -13.558494108723622       -13.823676456334489       -13.800800616731721     
   1779.4177139473438       -13.248612985019458       -13.486214677145137       -13.465218466615344     
   1840.7769454627694       -12.928711578184030       -13.143492698745090       -13.123590807708835     
   1902.1361769781952       -12.599386504089011       -12.796599728495309       -12.776790172819675     
   1963.4954084936207       -12.261309148224139       -12.445278077866670       -12.424546583952187     
   2024.8546400090463       -11.914930944564594       -12.089617674087554       -12.066845255818611     
   2086.2138715244719       -11.560850721180246       -11.730591367328010       -11.704507209005079     
   2147.5731030398974       -11.199737858452330       -11.367918623771207       -11.337313049283829     
   2208.9323345553235       -10.832046126024583       -11.001629603516033       -10.965287141137527     
   2270.2915660707490       -10.458354314158132       -10.632612219517934       -10.589277097344464     
   2331.6507975861741       -10.079297338447864       -10.260576972907046       -10.209164468153526     
   2393.0100291016001       -9.6952895922836912       -9.8855089247597832       -9.8250496396083005     
   2454.3692606170257       -9.3068463984806762       -9.5082323201857317       -9.4378364979794291     
   2515.7284921324513       -8.9145257150018669       -9.1284568922452678       -9.0475130884522166     
   2577.0877236478773       -8.5186606033725276       -8.7461321380978028       -8.6542496312227506     
   2638.4469551633028       -8.1196661124772351       -8.3620337372332045       -8.2589940252893470     
   2699.8061866787280       -7.7179923414943179       -7.9758756569291807       -7.8618099115470814     
   2761.1654181941544       -7.3138646098422928       -7.5875782702796126       -7.4628983522669765     
   2822.5246497095795       -6.9075785218704810       -7.1978798573087692       -7.0632090430659638     
   2883.8838812250056       -6.4994641885271927       -6.8065017567185553       -6.6628260116105649     
   2945.2431127404311       -6.0896323723582260       -6.4133397002923118       -6.2619218639616774     
   3006.6023442558567       -5.6782595412496040       -6.0191031297016000       -5.8613889297546748     
   3067.9615757712822       -5.2655627237339253       -5.6235227770390299       -5.4612648716047936     
   3129.3208072867083       -4.8515499141533605       -5.2264729298403045       -5.0616273278829995     
   3190.6800388021338       -4.4362963817968151       -4.8286409847173415       -4.6632490531350825     
   3252.0392703175589       -4.0199294738754450       -4.4297684164790549       -4.2660574727667191     
   3313.3985018329849       -3.6023815465591182       -4.0297103945004249       -3.8699770316817395     
   3374.7577333484105       -3.1836583238347052       -3.6291378481628476       -3.4756125671791285     
   3436.1169648638361       -2.7638327722841822       -3.2278039442806925       -3.0827381437779984     
   3497.4761963792616       -2.3427987108785366       -2.8255464561543091       -2.6910938496476522     
   3558.8354278946877       -1.9205315969459615       -2.4230245902667953       -2.3011014653615200     
   3620.1946594101132       -1.4970904592339789       -2.0200039304746902       -1.9123780933722028     
   3681.5538909255388       -1.0723702878779182       -1.6163061511476204       -1.5244926637164378     
   3742.9131224409643      -0.64635541477424852       -1.2125829246782240       -1.1377167152485823     
   3804.2723539563904      -0.21912857281867559      -0.80861287286283900      -0.75155696962010765     
   3865.6315854718159       0.20937966231228700      -0.40420256917139197      -0.36547414207930418     
