           0   105.16331716220023        480035.19555736560     
           1   59.525569837864367        111338.69396957899     
           2   26.338225305153191        11602.600473598326     
           3   22.145484977840436        2019.9577647727278     
           4   21.874912600963473        1250.3589266812080     
           5   21.459536520043930        316.98765724065595     
           6   21.147440046663053        311.01150922590693     
           7   21.115505947914567        107.36375879512535     
           8   20.872492481780913        137.90018648202911     
           9   20.829043241661616        283.73557957789961     
          10   20.771599214075710        55.462990976982717     
          11   20.738027722154388        67.265995503636262     
          12   20.716770180051416        177.94181676562454     
          13   20.632804895745583        58.875585342273112     
          14   20.609179082927561        51.602902892030592     
          15   20.603864436431259        5.8719047037739882     
          16   20.589169144287428        47.236319185121552     
          17   20.584103194320438        16.206055068276836     
          18   20.564036762093998        66.672434720774547     
          19   20.533755104584120        281.83068355216329     
          20   20.426519020289987        60.478485929283359     
