           0   50.337241637038964        185480.95055781276     
           1   28.869553819773575        18180.438357771105     
           2   12.008869418107212        4041.1286343056850     
           3   8.1656307341605388        434.35763860949754     
           4   7.6896783263773028        76.114965985026771     
           5   7.0939632016717766        25.695035294401976     
           6   6.7504936195363481        74.873801160292501     
           7   6.5204591579069806       0.52485312660016326     
           8   6.5082623016567123        1.1695457729525576     
           9   6.4667689417989198        3.0700016627555589     
          10   6.4664085088601375       0.36448857264164009     
          11   6.4504307790526294        5.2240427273464998E-003
          12   6.4484697358486578        6.6421217190223156E-004
          13   6.4484613792536321        1.3261792258924600E-002
          14   6.4483308891657627        2.5450124017208119E-005
          15   6.4483308626547817        4.4307947858359648E-006
          16   6.4483298503800901        4.2258882019356606E-003
          17   6.4483290708350109        2.0896510852679121E-008
          18   6.4483290707886249        6.1703625984174031E-009
          19   6.4483290687620469        3.9665251857992927E-008
          20   6.4483290686906747        4.6874635261341284E-013
