           0   205.22307891581829        1287716.6641269093     
           1   116.22132595039795        451759.05308388325     
           2   64.423208633959135        41797.274538436468     
           3   56.174411854804092        9142.5238386015990     
           4   54.607308338805382        10741.689235956826     
           5   53.710371054863614        1796.7230563381784     
           6   53.198777649953534        578.07131015349364     
           7   52.937263341291512        3240.2207522015942     
           8   52.568482859948887        172.86973236920841     
           9   52.485008465355499        271.04470555134446     
          10   52.453656265157008        331.28762084676089     
          11   52.364621774043790        191.75770553566977     
          12   52.324110894612232        85.260754498502450     
          13   52.314350964652455        113.26638672701283     
          14   52.272840059512482        206.19443310050062     
          15   52.063544107247758        1104.2432199967618     
          16   51.969074522817920        672.38234278887660     
          17   51.231807676934984        716.51770144835689     
          18   51.188368485356200        224.91545562871005     
          19   51.141815465856965        201.12553411176853     
          20   50.980924165732311        1766.2645004127417     
