           0   402.84650018256019        5107842.2092663702     
           1   211.61736687201233        1551806.2195846506     
           2   126.50619979234855        134152.40942026267     
           3   113.33020591107913        29730.631510434425     
           4   110.48582437568271        27870.893331744333     
           5   109.31320841804448        6929.6381857526694     
           6   108.08123712947858        5214.7985717665915     
           7   106.01593083644984        24890.259888038698     
           8   105.12476704507402        1318.9802919765052     
           9   104.67773968853287        2782.2873484256611     
          10   104.34606518432079        7113.5037188328088     
          11   103.72229323393975        2741.5659275045791     
          12   103.37762306831431        1679.5570291364872     
          13   103.13545006753058        4711.8435766393177     
          14   102.80447974463219        2247.1404549655385     
          15   102.49070150021656        1056.3857948917450     
          16   102.35343449490618        3390.8937752152210     
          17   102.02659339445455        1037.0550266351638     
          18   101.51580658836487        10680.978943110118     
          19   100.91063679029624        2919.7919276075718     
          20   100.70322239591032        331.81952925487315     
