           1  -15.976527270935572       -19.954242369321229       -27.668313152645744     
           2  -15.949828544748506       -19.914216898608380       -27.596073267336131     
           3  -15.913184124991348       -19.861846857189562       -27.511706417917392     
           4  -15.866656786455190       -19.797226255974177       -27.396223537632281     
           5  -15.810314864013298       -19.720455611821933       -27.251713464145876     
           6  -15.744232120472406       -19.631641753824820       -27.097389082102165     
           7  -15.668487614198700       -19.530897631286869       -26.942281887118749     
           8  -15.583165566740224       -19.418342123669071       -26.776568512949396     
           9  -15.488355230653649       -19.294099852742676       -26.582558470524770     
          10  -15.384150757730971       -19.158300997174361       -26.360854925985908     
          11  -15.270651067808434       -19.011081109743689       -26.128875239865668     
          12  -15.147959718327845       -18.852580937374665       -25.895901521025593     
          13  -15.016184774807837       -18.682946244141817       -25.654131669151031     
          14  -14.875438682370609       -18.502327637394892       -25.387301581572380     
          15  -14.725838138458013       -18.310880397125793       -25.094262305281131     
          16  -14.567503966859567       -18.108764308686798       -24.790402048817114     
          17  -14.400560993163392       -17.896143498950611       -24.485285184040766     
          18  -14.225137921731047       -17.673186275990066       -24.173271017303165     
          19  -14.041367214286417       -17.440064972337602       -23.839730059049465     
          20  -13.849384970198674       -17.196955791874302       -23.481725014480599     
          21  -13.649330808530422       -16.944038660382081       -23.112373264195430     
          22  -13.441347751911900       -16.681497079783579       -22.741413353223344     
          23  -13.225582112294607       -16.409517986080015       -22.365363666898766     
          24  -13.002183378627562       -16.128291610989038       -21.971481124049969     
          25  -12.771304106493254       -15.838011347272955       -21.555232979016701     
          26  -12.533099809730915       -15.538873617739533       -21.127248320021813     
          27  -12.287728854068773       -15.231077747887973       -20.697206592390895     
          28  -12.035352352778824       -14.914825842166074       -20.263647082853588     
          29  -11.776134064362640       -14.590322663795629       -19.815950953378714     
          30  -11.510240292268453       -14.257775518117638       -19.348393060009833     
          31  -11.237839786635986       -13.917394139401550       -18.868973648344202     
          32  -10.959103648057988       -13.569390581058322       -18.386978494850656     
          33  -10.674205233344406       -13.213979109190447       -17.902705996833195     
          34  -10.383320063267396       -12.851376099408158       -17.407822719583301     
          35  -10.086625732264075       -12.481799936836877       -16.895979223380188     
          36  -9.7843018200662897       -12.105470919235986       -16.372544647205622     
          37  -9.4765298052256650       -11.722611163146754       -15.846011188789388     
          38  -9.1634929804953291       -11.333444512982581       -15.318068561225605     
          39  -8.8453763700298857       -10.938196452974040       -14.782701593835570     
          40  -8.5223666483576430       -10.537094021875415       -14.233595624614400     
          41  -8.1946520610804150       -10.130365730340992       -13.673678931125387     
          42  -7.8624223472493924       -9.7182414808734041       -13.110235602803268     
          43  -7.5258686633664285       -9.3009524902484983       -12.545894569573786     
          44  -7.1851835089547755       -8.8787312143154882       -11.976834786007323     
          45  -6.8405606536433172       -8.4518112750741636       -11.397430945465228     
          46  -6.4921950657048040       -8.0204273899256595       -10.808581499947772     
          47  -6.1402828419874513       -7.5848153029956418       -10.215999622554710     
          48  -5.7850211391771937       -7.1452117184250898       -9.6227410899499954     
          49  -5.4266081063263192       -6.7018542355256638       -9.0268974703148839     
          50  -5.0652428185834619       -6.2549812856943188       -8.4240824561513374     
          51  -4.7011252120568798       -5.8048320709815648       -7.8137834382983637     
          52  -4.3344560197441258       -5.3516465042083228       -7.1999077659418562     
          53  -3.9654367084574611       -4.8956651505244988       -6.5853934366761315     
          54  -3.5942694166765978       -4.4371291703043099       -5.9698292408304692     
          55  -3.2211568932552845       -3.9762802632696341       -5.3504297922871782     
          56  -2.8463024369124619       -3.5133606137375692       -4.7260365798168138     
          57  -2.4699098364328691       -3.0486128368825498       -4.0987168492695183     
          58  -2.0921833115061341       -2.5822799259087375       -3.4707502440330877     
          59  -1.7133274541283172       -2.1146052000232274       -2.8427104471998046     
          60  -1.3335471704941084       -1.6458322531059020       -2.2135406931132158     
          61 -0.95304762330258797       -1.1762049029662975       -1.5822474637326076     
          62 -0.57203417440382687      -0.70596714108275993      -0.94927289344911969     
          63 -0.19071232770907365      -0.23536308271500683      -0.31575128946790620     
          64  0.19071232770913493       0.23536308271509387       0.31732909084053063     
          65  0.57203417440385351       0.70596714108278746       0.94940494254882779     
          66  0.95304762330263326        1.1762049029663650        1.5805658100525690     
          67   1.3335471704941186        1.6458322531059180        2.2115244338192692     
          68   1.7133274541283878        2.1146052000233189        2.8426641851162273     
          69   2.0921833115061261        2.5822799259087326        3.4731751058325688     
          70   2.4699098364329526        3.0486128368826586        4.1011822163751841     
          71   2.8463024369124454        3.5133606137375581        4.7253088218553572     
          72   3.2211568932553298        3.9762802632696852        5.3467433565988056     
          73   3.5942694166765863        4.4371291703043010        5.9675814275289945     
          74   3.9654367084575375        4.8956651505246001        6.5877747150147083     
          75   4.3344560197441133        5.3516465042083254        7.2045854352785881     
          76   4.7011252120569145        5.8048320709815986        7.8148514233568456     
          77   5.0652428185834379        6.2549812856943152        8.4194405959550718     
          78   5.4266081063263414        6.7018542355256780        9.0221297760322461     
          79   5.7850211391771715        7.1452117184250783        9.6241723375096626     
          80   6.1402828419874727        7.5848153029956356        10.222493545523132     
          81   6.4921950657047995        8.0204273899256879        10.812084130166877     
          82   6.8405606536433314        8.4518112750741548        11.392694388701219     
          83   7.1851835089547684        8.8787312143155042        11.969511005354800     
          84   7.5258686633664507        9.3009524902484983        12.545547972887190     
          85   7.8624223472494315        9.7182414808734805        13.117941642451941     
          86   8.1946520610804026        10.130365730340969        13.679998163946417     
          87   8.5223666483576466        10.537094021875426        14.229662958190143     
          88   8.8453763700298644        10.938196452973994        14.773049785145233     
          89   9.1634929804953771        11.333444512982645        15.315272167886880     
          90   9.4765298052256473        11.722611163146741        15.854206513035770     
          91   9.7843018200663519        12.105470919236065        16.381795384908155     
          92   10.086625732264054        12.481799936836882        16.893680933530469     
          93   10.383320063267417        12.851376099408176        17.396279813950581     
          94   10.674205233344390        13.213979109190445        17.896993648055652     
          95   10.959103648058051        13.569390581058370        18.394918142156868     
          96   11.237839786635968        13.917394139401580        18.881034831027357     
          97   11.510240292268488        14.257775518117645        19.348405399650506     
          98   11.776134064362621        14.590322663795638        19.803079922829507     
          99   12.035352352778844        14.914825842166074        20.254776186001131     
         100   12.287728854068753        15.231077747887982        20.704213458520812     
         101   12.533099809730953        15.538873617739529        21.141825003736685     
         102   12.771304106493254        15.838011347273000        21.558022765354767     
         103   13.002183378627544        16.128291610989024        21.957875388967945     
         104   13.225582112294578        16.409517986080001        22.353301859221386     
         105   13.441347751911913        16.681497079783561        22.746951590508516     
         106   13.649330808530394        16.944038660382095        23.129075362163835     
         107   13.849384970198670        17.196955791874274        23.487527984326761     
         108   14.041367214286389        17.440064972337588        23.825920521193304     
         109   14.225137921731033        17.673186275990012        24.158158755841772     
         110   14.400560993163362        17.896143498950607        24.489011660346282     
         111   14.567503966859574        18.108764308686773        24.808824793065522     
         112   14.725838138458014        18.310880397125814        25.103089646676256     
         113   14.875438682370607        18.502327637394881        25.373679164839736     
         114   15.016184774807829        18.682946244141835        25.636232147272452     
         115   15.147959718327847        18.852580937374650        25.897694871796794     
         116   15.270651067808430        19.011081109743714        26.148668076841446     
         117   15.384150757730961        19.158300997174337        26.372517146721009     
         118   15.488355230653635        19.294099852742654        26.569320572258324     
         119   15.583165566740199        19.418342123669039        26.756218610745822     
         120   15.668487614198678        19.530897631286862        26.942252227891007     
         121   15.744232120472407        19.631641753824795        27.118302743569945     
         122   15.810314864013314        19.720455611821961        27.265848530027675     
         123   15.866656786455184        19.797226255974188        27.383348560598385     
         124   15.913184124991336        19.861846857189558        27.489282076116204     
         125   15.949828544748492        19.914216898608355        27.594557186762593     
         126   15.976527270935549        19.954242369321229        27.690217411439633     
         127   15.993223220532627        19.981835959495125        27.756078462299961     
         128   15.999865133272346        19.996917256593626        27.789381144125102     
         129   15.996407701652668        19.999412942352990        27.809868067452424     
         130   15.982811699706485        19.989256990151503        27.829938157712448     
         131   15.959044110241132        19.966390862383378        27.840538029536113     
         132   15.925078250247328        19.930763707424344        27.820043495848559     
         133   15.880893894164902        19.882332555748679        27.765094373137270     
         134   15.826477394680454        19.821062514733818        27.696685874774161     
         135   15.761821800719584        19.746926961660936        27.628177532669625     
         136   15.686926972286461        19.659907734396377        27.550039737838325     
         137   15.601799691790911        19.559995319212582        27.439474871296614     
         138   15.506453771494986        19.447189035183150        27.293335516720390     
         139   15.400910156700320        19.321497214563180        27.133856101210561     
         140   15.285197024290401        19.182937378542594        26.974670242434122     
         141   15.159349876233254        19.031536407739246        26.805318506987589     
         142   15.023411627645288        18.867330706777359        26.602215750267753     
         143   14.877432689010300        18.690366362279129        26.363394036116681     
         144   14.721471042145435        18.500699293578897        26.112200891581750     
         145   14.555592309501936        18.298395395455646        25.861714420838538     
         146   14.379869816389043        18.083530672165580        25.600097433489182     
         147   14.194384645708880        17.856191362046978        25.303577908799213     
         148   13.999225684793243        17.616474051961440        24.972391074478551     
         149   13.794489663937110        17.364485780831110        24.630625027291551     
         150   13.580281186229548        17.100344131530122        24.289879498366712     
         151   13.356712748290526        16.824177310389874        23.936616956830370     
         152   13.123904751532557        16.536124213583822        23.547779771024263     
         153   12.881985503577551        16.236334479667015        23.126708263530499     
         154   12.631091209473315        15.924968527557898        22.697499140775722     
         155   12.371365952370592        15.602197579268823        22.269364821703427     
         156   12.102961663340292        15.268203666712873        21.827025705631652     
         157   11.826038080030138        14.923179621941443        21.349361127893431     
         158   11.540762693883675        14.567329050197424        20.843327685691222     
         159   11.247310685669500        14.200866285205555        20.331916634370199     
         160   10.945864849094820        13.824016326160681        19.821228823281505     
         161   10.636615502307743        13.437014755920364        19.294648241789208     
         162   10.319760387123241        13.040107639958192        18.734412028268952     
         163   9.9955045558412614        12.633551405687673        18.150907377294551     
         164   9.6640602455600231        12.217612701825637        17.564662626109161     
         165   9.3256467399248422        11.792568237527252        16.978340193770592     
         166   8.9804902182909991        11.358704601091503        16.374957281585225     
         167   8.6288235923181631        10.916318058106564        15.741396953204090     
         168   8.2708863300564133        10.465714328979239        15.090388295845816     
         169   7.9069242676246212        10.007208345870140        14.438718174256326     
         170   7.5371894086250206        9.5411239891354462        13.785881572743133     
         171   7.1619397114825043        9.0677938034596846        13.116027816749263     
         172   6.7814388649399211        8.5875586939482194        12.421327352290254     
         173   6.3959560519850962        8.1007676025322635        11.714938446707899     
         174   6.0057657025300353        7.6077771651274952        11.009134717740862     
         175   5.6111472352056646        7.1089513500727435        10.301224050056037     
         176   5.2123847886788282        6.6046610784610014        9.5782220592984899     
         177   4.8097669429409899        6.0952838270616532        8.8370701996955088     
         178   4.4035864310581498        5.5812032146138870        8.0890969014341092     
         179   3.9941398419124203        5.0628085723548883        7.3421520398231586     
         180   3.5817273145022765        4.5404944997221808        6.5929937893084585     
         181   3.1666522244056292        4.0146604062459295        5.8328882240002837     
         182   2.7492208630432842        3.4857100407165866        5.0616972088713315     
         183   2.3297421104117246        2.9540510087793486        4.2870709965262641     
         184   1.9085271019825196        2.4200942801664702        3.5134948211495907     
         185   1.4858888904925962        1.8842536868350699        2.7391876492857428     
         186   1.0621421033713494        1.3469454133240024        1.9599977475271224     
         187  0.63760259657046170       0.80858748068676434        1.1759457492683723     
         188  0.21258710557937288       0.26959922539186465       0.39024592320096119     
         189 -0.21258710557942084      -0.26959922539192682      -0.39414434151166411     
         190 -0.63760259657046081      -0.80858748068677855       -1.1756938508535626     
         191  -1.0621421033713601       -1.3469454133240326       -1.9551222998253639     
         192  -1.4858888904926184       -1.8842536868350894       -2.7349863599714777     
         193  -1.9085271019825552       -2.4200942801665342       -3.5159335035351909     
         194  -2.3297421104117442       -2.9540510087793610       -4.2943410688300734     
         195  -2.7492208630433055       -3.4857100407166159       -5.0643176507176442     
         196  -3.1666522244056203       -4.0146604062459277       -5.8255835981455419     
         197  -3.5817273145022881       -4.5404944997221950       -6.5850008088218832     
         198  -3.9941398419124301       -5.0628085723548901       -7.3454733064867082     
         199  -4.4035864310581729       -5.5812032146139270       -8.1006750708626516     
         200  -4.8097669429409704       -6.0952838270616327       -8.8405763541589231     
         201  -5.2123847886788166       -6.6046610784609960       -9.5667780525405188     
         202  -5.6111472352056726       -7.1089513500727533       -10.290686410636926     
         203  -6.0057657025300388       -7.6077771651275139       -11.015440036655335     
         204  -6.3959560519850722       -8.1007676025322315       -11.730600699642286     
         205  -6.7814388649399104       -8.5875586939482140       -12.423475890722061     
         206  -7.1619397114825087       -9.0677938034596917       -13.099848230375361     
         207  -7.5371894086250091       -9.5411239891354409       -13.774626188933087     
         208  -7.9069242676246434       -10.007208345870175       -14.449347402872274     
         209  -8.2708863300564346       -10.465714328979267       -15.108980047781751     
         210  -8.6288235923181649       -10.916318058106580       -15.740359495984119     
         211  -8.9804902182910133       -11.358704601091535       -16.354509456510620     
         212  -9.3256467399248848       -11.792568237527295       -16.968162806502409     
         213  -9.6640602455600284       -12.217612701825647       -17.579995293141629     
         214  -9.9955045558412507       -12.633551405687669       -18.170840334693175     
         215  -10.319760387123242       -13.040107639958199       -18.729191292921033     
         216  -10.636615502307741       -13.437014755920377       -19.271083782699126     
         217  -10.945864849094825       -13.824016326160681       -19.813429653363059     
         218  -11.247310685669509       -14.200866285205588       -20.351493765640353     
         219  -11.540762693883687       -14.567329050197429       -20.863102568736522     
         220  -11.826038080030107       -14.923179621941422       -21.339856787669916     
         221  -12.102961663340309       -15.268203666712900       -21.801706847471191     
         222  -12.371365952370603       -15.602197579268822       -22.264545637472061     
         223  -12.631091209473297       -15.924968527557889       -22.720335758891842     
         224  -12.881985503577532       -16.236334479666972       -23.145270200115917     
         225  -13.123904751532532       -16.536124213583793       -23.534591058684004     
         226  -13.356712748290487       -16.824177310389821       -23.910743790880936     
         227  -13.580281186229531       -17.100344131530107       -24.287979229954466     
         228  -13.794489663937107       -17.364485780831096       -24.655549382119020     
         229  -13.999225684793231       -17.616474051961433       -24.989252533374021     
         230  -14.194384645708871       -17.856191362046975       -25.287704619758404     
         231  -14.379869816389050       -18.083530672165587       -25.574518745866722     
         232  -14.555592309501945       -18.298395395455636       -25.862185467232575     
         233  -14.721471042145414       -18.500699293578883       -26.138104962709708     
         234  -14.877432689010289       -18.690366362279089       -26.378570567883628     
         235  -15.023411627645267       -18.867330706777370       -26.584790018067736     
         236  -15.159349876233270       -19.031536407739246       -26.780510565629449     
         237  -15.285197024290401       -19.182937378542615       -26.976692902627260     
         238  -15.400910156700338       -19.321497214563184       -27.159819184578765     
         239  -15.506453771494979       -19.447189035183168       -27.307183861373645     
         240  -15.601799691790921       -19.559995319212597       -27.421584663211647     
         241  -15.686926972286470       -19.659907734396402       -27.526190336516311     
         242  -15.761821800719609       -19.746926961660950       -27.630846095694224     
         243  -15.826477394680447       -19.821062514733828       -27.721991804410262     
         244  -15.880893894164918       -19.882332555748683       -27.778131496975302     
         245  -15.925078250247317       -19.930763707424340       -27.802647859114934     
         246  -15.959044110241146       -19.966390862383413       -27.817671122294698     
         247  -15.982811699706506       -19.989256990151517       -27.832394131987169     
         248  -15.996407701652695       -19.999412942353032       -27.833961305340441     
         249  -15.999865133272355       -19.996917256593640       -27.802129566521231     
         250  -15.993223220532634       -19.981835959495157       -27.739984159571492     
