           1  -20.000000000000000        199.99999999999994     
           2  -19.993683785666004        199.87369566060212     
           3  -19.974739132120355        199.49510169813010     
           4  -19.943178005212275        198.86517447379168     
           5  -19.899020339626002        197.98550523842448     
           6  -19.842294026289554        196.85831611286318     
           7  -19.773034894758275        195.48645447466362     
           8  -19.691286690584107        193.87338576538747     
           9  -19.597101047684941        192.02318473658715     
          10  -19.490537455731545        189.94052515663748     
          11  -19.371663222572625        187.63066800438656     
          12  -19.240553431721722        185.09944817946950     
          13  -19.097290894932861        182.35325976284284     
          14  -18.941966099894884        179.39903986478367     
          15  -18.774677153077480        176.24425110114450     
          16  -18.595529717765025        172.89686274214125     
          17  -18.404636947317403        169.36533058127995     
          18  -18.202119413699908        165.65857557529546     
          19  -17.988105031327418        161.78596130903344     
          20  -17.762728976270886        157.75727034222695     
          21  -17.526133600877269        153.58267949789956     
          22  -17.278468343856701        149.27273415482932     
          23  -17.019889635893840        144.83832160900312     
          24  -16.750560800842834        140.29064357136630     
          25  -16.470651952568552        135.64118787132503     
          26  -16.180339887498953        130.90169943749504     
          27  -15.879807972956709        126.08415062898931     
          28  -15.569246031340471        121.20071099220559     
          29  -15.248850220228960        116.26371651948858     
          30  -14.918822908483644        111.28563848734856     
          31  -14.579372548428234        106.27905195293113     
          32  -14.230713544185710        101.25660398833541     
          33  -13.873066116256101        96.230981733006132     
          34  -13.506656162420489        91.214880344925490     
          35  -13.131715115059128        86.220970931536002     
          36  -12.748479794973795        81.261868541427773     
          37  -12.357192261806686        76.350100297626952     
          38  -11.958099661150376        71.498073753002316     
          39  -11.551454068445350        66.718045547701152     
          40  -11.137512329763759        62.022090447819934     
          41  -10.716535899579931        57.422070843492889     
          42  -10.288790675630132        52.929606783466994     
          43  -9.8545468309658304        48.556046621849390     
          44  -9.4140786433066506        44.312438351181171     
          45  -8.9676643218006475        40.209501694248317     
          46  -8.5155858313014541        36.257601025131308     
          47  -8.0581287142732538        32.466719187897510     
          48  -7.5955819104360236        28.846432279071522     
          49  -7.1282375742650146        25.405885457582087     
          50  -6.6563908904597344        22.153769843297738     
          51  -6.1803398874989499        19.098300562505251     
          52  -5.7003852493995240        16.247195995785809     
          53  -5.2168301257979364        13.607658280716418     
          54  -4.7299799404744958        11.186355118645448     
          55  -4.2401421984410952        8.9894029315004751     
          56  -3.7476262917144902        7.0223514111749008     
          57  -3.2527433038976743        5.2901695005255611     
          58  -2.7558058136927639        3.7972328413914127     
          59  -2.2571276974696319        2.5473127213424007     
          60  -1.7570239310148661        1.5435665470794504     
          61  -1.2558103905862703       0.78852986855222795     
          62 -0.75380365339868960       0.28410997393860171     
          63 -0.25132079766705551        3.1581071670011340E-002
          64  0.25132079766705306        3.1581071670046867E-002
          65  0.75380365339869149       0.28410997393865500     
          66   1.2558103905862636       0.78852986855229545     
          67   1.7570239310148639        1.5435665470795925     
          68   2.2571276974696342        2.5473127213424007     
          69   2.7558058136927617        3.7972328413914838     
          70   3.2527433038976721        5.2901695005256144     
          71   3.7476262917144925        7.0223514111749736     
          72   4.2401421984410934        8.9894029315004786     
          73   4.7299799404744931        11.186355118645665     
          74   5.2168301257979390        13.607658280716620     
          75   5.7003852493995222        16.247195995785845     
          76   6.1803398874989481        19.098300562505202     
          77   6.6563908904597326        22.153769843297852     
          78   7.1282375742650128        25.405885457581860     
          79   7.5955819104360209        28.846432279071465     
          80   8.0581287142732556        32.466719187897581     
          81   8.5155858313014559        36.257601025131279     
          82   8.9676643218006422        40.209501694248246     
          83   9.4140786433066452        44.312438351181477     
          84   9.8545468309658339        48.556046621849845     
          85   10.288790675630128        52.929606783466888     
          86   10.716535899579927        57.422070843492719     
          87   11.137512329763759        62.022090447820162     
          88   11.551454068445345        66.718045547701635     
          89   11.958099661150367        71.498073753002402     
          90   12.357192261806688        76.350100297627819     
          91   12.748479794973793        81.261868541427518     
          92   13.131715115059123        86.220970931536428     
          93   13.506656162420487        91.214880344925689     
          94   13.873066116256096        96.230981733007027     
          95   14.230713544185708        101.25660398833497     
          96   14.579372548428234        106.27905195293141     
          97   14.918822908483644        111.28563848734819     
          98   15.248850220228956        116.26371651948870     
          99   15.569246031340469        121.20071099220510     
         100   15.879807972956710        126.08415062899022     
         101   16.180339887498949        130.90169943749447     
         102   16.470651952568552        135.64118787132489     
         103   16.750560800842834        140.29064357136602     
         104   17.019889635893833        144.83832160900332     
         105   17.278468343856709        149.27273415482853     
         106   17.526133600877273        153.58267949789922     
         107   17.762728976270886        157.75727034222609     
         108   17.988105031327418        161.78596130903330     
         109   18.202119413699908        165.65857557529520     
         110   18.404636947317403        169.36533058128032     
         111   18.595529717765029        172.89686274214117     
         112   18.774677153077480        176.24425110114498     
         113   18.941966099894884        179.39903986478345     
         114   19.097290894932861        182.35325976284312     
         115   19.240553431721722        185.09944817946877     
         116   19.371663222572625        187.63066800438634     
         117   19.490537455731548        189.94052515663674     
         118   19.597101047684941        192.02318473658715     
         119   19.691286690584107        193.87338576538727     
         120   19.773034894758275        195.48645447466458     
         121   19.842294026289554        196.85831611286267     
         122   19.899020339626002        197.98550523842457     
         123   19.943178005212278        198.86517447379111     
         124   19.974739132120355        199.49510169813010     
         125   19.993683785666004        199.87369566060136     
         126   20.000000000000000        199.99999999999977     
         127   19.993683785666004        199.87369566060113     
         128   19.974739132120352        199.49510169812987     
         129   19.943178005212275        198.86517447379111     
         130   19.899020339626002        197.98550523842493     
         131   19.842294026289554        196.85831611286258     
         132   19.773034894758279        195.48645447466453     
         133   19.691286690584107        193.87338576538690     
         134   19.597101047684941        192.02318473658715     
         135   19.490537455731545        189.94052515663674     
         136   19.371663222572625        187.63066800438673     
         137   19.240553431721722        185.09944817946842     
         138   19.097290894932861        182.35325976284292     
         139   18.941966099894888        179.39903986478322     
         140   18.774677153077484        176.24425110114515     
         141   18.595529717765025        172.89686274214120     
         142   18.404636947317407        169.36533058128106     
         143   18.202119413699911        165.65857557529557     
         144   17.988105031327418        161.78596130903369     
         145   17.762728976270886        157.75727034222672     
         146   17.526133600877273        153.58267949790022     
         147   17.278468343856705        149.27273415482892     
         148   17.019889635893836        144.83832160900366     
         149   16.750560800842837        140.29064357136664     
         150   16.470651952568549        135.64118787132560     
         151   16.180339887498953        130.90169943749447     
         152   15.879807972956714        126.08415062898958     
         153   15.569246031340473        121.20071099220512     
         154   15.248850220228960        116.26371651948794     
         155   14.918822908483648        111.28563848734774     
         156   14.579372548428234        106.27905195293114     
         157   14.230713544185711        101.25660398833463     
         158   13.873066116256108        96.230981733006359     
         159   13.506656162420487        91.214880344925490     
         160   13.131715115059128        86.220970931536016     
         161   12.748479794973790        81.261868541427077     
         162   12.357192261806693        76.350100297627222     
         163   11.958099661150381        71.498073753001918     
         164   11.551454068445350        66.718045547700768     
         165   11.137512329763769        62.022090447819600     
         166   10.716535899579940        57.422070843492548     
         167   10.288790675630118        52.929606783466042     
         168   9.8545468309658322        48.556046621848921     
         169   9.4140786433066488        44.312438351180930     
         170   8.9676643218006387        40.209501694247777     
         171   8.5155858313014594        36.257601025130938     
         172   8.0581287142732556        32.466719187897468     
         173   7.5955819104360209        28.846432279071195     
         174   7.1282375742650261        25.405885457581675     
         175   6.6563908904597398        22.153769843297525     
         176   6.1803398874989526        19.098300562505287     
         177   5.7003852493995399        16.247195995785674     
         178   5.2168301257979346        13.607658280716336     
         179   4.7299799404744860        11.186355118645508     
         180   4.2401421984410979        8.9894029315003792     
         181   3.7476262917144929        7.0223514111747249     
         182   3.2527433038976685        5.2901695005254084     
         183   2.7558058136927710        3.7972328413912777     
         184   2.2571276974696390        2.5473127213421520     
         185   1.7570239310148641        1.5435665470794078     
         186   1.2558103905862816       0.78852986855220308     
         187  0.75380365339870081       0.28410997393862658     
         188  0.25132079766704019        3.1581071669918970E-002
         189 -0.25132079766705057        3.1581071670061078E-002
         190 -0.75380365339869360       0.28410997393852711     
         191  -1.2558103905862743       0.78852986855228835     
         192  -1.7570239310148572        1.5435665470794078     
         193  -2.2571276974696315        2.5473127213423510     
         194  -2.7558058136927635        3.7972328413914909     
         195  -3.2527433038976605        5.2901695005254652     
         196  -3.7476262917144854        7.0223514111748102     
         197  -4.2401421984410899        8.9894029315005213     
         198  -4.7299799404744780        11.186355118645537     
         199  -5.2168301257979453        13.607658280716443     
         200  -5.7003852493995328        16.247195995785958     
         201  -6.1803398874989455        19.098300562505266     
         202  -6.6563908904597344        22.153769843297646     
         203  -7.1282375742650199        25.405885457581878     
         204  -7.5955819104360147        28.846432279071625     
         205  -8.0581287142732485        32.466719187897411     
         206  -8.5155858313014541        36.257601025130889     
         207  -8.9676643218006333        40.209501694248019     
         208  -9.4140786433066417        44.312438351181179     
         209  -9.8545468309658411        48.556046621849354     
         210  -10.288790675630127        52.929606783466653     
         211  -10.716535899579933        57.422070843492875     
         212  -11.137512329763764        62.022090447820176     
         213  -11.551454068445343        66.718045547701422     
         214  -11.958099661150374        71.498073753002814     
         215  -12.357192261806686        76.350100297627378     
         216  -12.748479794973784        81.261868541427475     
         217  -13.131715115059121        86.220970931536172     
         218  -13.506656162420487        91.214880344925916     
         219  -13.873066116256087        96.230981733006388     
         220  -14.230713544185711        101.25660398833557     
         221  -14.579372548428237        106.27905195293121     
         222  -14.918822908483643        111.28563848734804     
         223  -15.248850220228960        116.26371651948834     
         224  -15.569246031340473        121.20071099220560     
         225  -15.879807972956703        126.08415062898929     
         226  -16.180339887498945        130.90169943749430     
         227  -16.470651952568549        135.64118787132483     
         228  -16.750560800842827        140.29064357136599     
         229  -17.019889635893829        144.83832160900278     
         230  -17.278468343856701        149.27273415482904     
         231  -17.526133600877269        153.58267949789939     
         232  -17.762728976270886        157.75727034222683     
         233  -17.988105031327422        161.78596130903335     
         234  -18.202119413699908        165.65857557529591     
         235  -18.404636947317403        169.36533058128018     
         236  -18.595529717765025        172.89686274214111     
         237  -18.774677153077480        176.24425110114436     
         238  -18.941966099894884        179.39903986478384     
         239  -19.097290894932861        182.35325976284247     
         240  -19.240553431721715        185.09944817946945     
         241  -19.371663222572622        187.63066800438617     
         242  -19.490537455731548        189.94052515663770     
         243  -19.597101047684941        192.02318473658693     
         244  -19.691286690584107        193.87338576538792     
         245  -19.773034894758279        195.48645447466390     
         246  -19.842294026289551        196.85831611286329     
         247  -19.899020339626002        197.98550523842437     
         248  -19.943178005212275        198.86517447379185     
         249  -19.974739132120352        199.49510169812979     
         250  -19.993683785666001        199.87369566060241     
