  -19.999999999999996     
  -19.993683785666018     
  -19.974739132120355     
  -19.943178005212296     
  -19.899020339625995     
  -19.842294026289558     
  -19.773034894758251     
  -19.691286690584111     
  -19.597101047684944     
  -19.490537455731562     
  -19.371663222572632     
  -19.240553431721736     
  -19.097290894932865     
  -18.941966099894898     
  -18.774677153077469     
  -18.595529717765036     
  -18.404636947317382     
  -18.202119413699908     
  -17.988105031327422     
  -17.762728976270903     
  -17.526133600877266     
  -17.278468343856712     
  -17.019889635893833     
  -16.750560800842841     
  -16.470651952568549     
  -16.180339887498963     
  -15.879807972956687     
  -15.569246031340475     
  -15.248850220228968     
  -14.918822908483667     
  -14.579372548428220     
  -14.230713544185717     
  -13.873066116256076     
  -13.506656162420484     
  -13.131715115059121     
  -12.748479794973811     
  -12.357192261806651     
  -11.958099661150378     
  -11.551454068445340     
  -11.137512329763773     
  -10.716535899579938     
  -10.288790675630151     
  -9.8545468309658322     
  -9.4140786433066541     
  -8.9676643218006671     
  -8.5155858313014772     
  -8.0581287142732485     
  -7.5955819104360334     
  -7.1282375742650377     
  -6.6563908904597495     
  -6.1803398874989304     
  -5.7003852493995097     
  -5.2168301257979115     
  -4.7299799404744647     
  -4.2401421984410836     
  -3.7476262917144805     
  -3.2527433038976405     
  -2.7558058136927430     
  -2.2571276974696217     
  -1.7570239310148521     
  -1.2558103905862401     
 -0.75380365339865740     
 -0.25132079766701931     
  0.25132079766709658     
  0.75380365339871247     
   1.2558103905862863     
   1.7570239310149036     
   2.2571276974696710     
   2.7558058136927857     
   3.2527433038976961     
   3.7476262917145062     
   4.2401421984411067     
   4.7299799404745162     
   5.2168301257979595     
   5.7003852493995266     
   6.1803398874989472     
   6.6563908904597522     
   7.1282375742650279     
   7.5955819104360236     
   8.0581287142732680     
   8.5155858313014736     
   8.9676643218006706     
   9.4140786433066772     
   9.8545468309658784     
   10.288790675630143     
   10.716535899579940     
   11.137512329763780     
   11.551454068445377     
   11.958099661150380     
   12.357192261806714     
   12.748479794973802     
   13.131715115059155     
   13.506656162420494     
   13.873066116256137     
   14.230713544185695     
   14.579372548428246     
   14.918822908483650     
   15.248850220228986     
   15.569246031340459     
   15.879807972956744     
   16.180339887498935     
   16.470651952568545     
   16.750560800842823     
   17.019889635893843     
   17.278468343856677     
   17.526133600877252     
   17.762728976270857     
   17.988105031327411     
   18.202119413699894     
   18.404636947317400     
   18.595529717765029     
   18.774677153077491     
   18.941966099894881     
   19.097290894932875     
   19.240553431721700     
   19.371663222572622     
   19.490537455731527     
   19.597101047684941     
   19.691286690584100     
   19.773034894758290     
   19.842294026289537     
   19.899020339625999     
   19.943178005212264     
   19.974739132120355     
   19.993683785665983     
   19.999999999999989     
   19.993683785665972     
   19.974739132120341     
   19.943178005212264     
   19.899020339626013     
   19.842294026289530     
   19.773034894758286     
   19.691286690584082     
   19.597101047684944     
   19.490537455731527     
   19.371663222572636     
   19.240553431721683     
   19.097290894932865     
   18.941966099894870     
   18.774677153077498     
   18.595529717765025     
   18.404636947317432     
   18.202119413699904     
   17.988105031327432     
   17.762728976270886     
   17.526133600877294     
   17.278468343856691     
   17.019889635893854     
   16.750560800842845     
   16.470651952568574     
   16.180339887498935     
   15.879807972956705     
   15.569246031340452     
   15.248850220228944     
   14.918822908483623     
   14.579372548428220     
   14.230713544185672     
   13.873066116256094     
   13.506656162420478     
   13.131715115059123     
   12.748479794973768     
   12.357192261806677     
   11.958099661150353     
   11.551454068445326     
   11.137512329763744     
   10.716535899579927     
   10.288790675630077     
   9.8545468309658055     
   9.4140786433066310     
   8.9676643218006316     
   8.5155858313014434     
   8.0581287142732485     
   7.5955819104359970     
   7.1282375742650119     
   6.6563908904597291     
   6.1803398874989561     
   5.7003852493995089     
   5.2168301257979213     
   4.7299799404744824     
   4.2401421984410996     
   3.7476262917144663     
   3.2527433038976561     
   2.7558058136927315     
   2.2571276974696044     
   1.7570239310148441     
   1.2558103905862783     
  0.75380365339866628     
  0.25132079766701665     
 -0.25132079766707172     
 -0.75380365339870714     
  -1.2558103905862783     
  -1.7570239310148672     
  -2.2571276974696382     
  -2.7558058136927910     
  -3.2527433038976392     
  -3.7476262917144840     
  -4.2401421984410979     
  -4.7299799404744958     
  -5.2168301257979266     
  -5.7003852493995470     
  -6.1803398874989304     
  -6.6563908904597255     
  -7.1282375742650119     
  -7.5955819104360245     
  -8.0581287142732236     
  -8.5155858313014310     
  -8.9676643218006209     
  -9.4140786433066346     
  -9.8545468309658197     
  -10.288790675630118     
  -10.716535899579934     
  -11.137512329763773     
  -11.551454068445349     
  -11.958099661150396     
  -12.357192261806670     
  -12.748479794973779     
  -13.131715115059116     
  -13.506656162420494     
  -13.873066116256084     
  -14.230713544185718     
  -14.579372548428218     
  -14.918822908483634     
  -15.248850220228951     
  -15.569246031340473     
  -15.879807972956680     
  -16.180339887498924     
  -16.470651952568531     
  -16.750560800842816     
  -17.019889635893811     
  -17.278468343856701     
  -17.526133600877252     
  -17.762728976270893     
  -17.988105031327411     
  -18.202119413699926     
  -18.404636947317389     
  -18.595529717765025     
  -18.774677153077459     
  -18.941966099894895     
  -19.097290894932847     
  -19.240553431721729     
  -19.371663222572618     
  -19.490537455731573     
  -19.597101047684934     
  -19.691286690584132     
  -19.773034894758265     
  -19.842294026289565     
  -19.899020339625991     
  -19.943178005212300     
  -19.974739132120344     
  -19.993683785666033     
