           1  -20.000000000000000       -19.999987351893523     
           2  -19.993683785666004       -19.993103363460978     
           3  -19.974739132120355       -19.973592425207286     
           4  -19.943178005212275       -19.941467933219513     
           5  -19.899020339626002       -19.896751244882502     
           6  -19.842294026289554       -19.839471662696454     
           7  -19.773034894758275       -19.769666413097671     
           8  -19.691286690584107       -19.687380620303777     
           9  -19.597101047684941       -19.592667275205134     
          10  -19.490537455731545       -19.485587199330215     
          11  -19.371663222572625       -19.366209003912843     
          12  -19.240553431721722       -19.234609044094320     
          13  -19.097290894932861       -19.090871368294938     
          14  -18.941966099894884       -18.935087662793588     
          15  -18.774677153077480       -18.767357191555412     
          16  -18.595529717765025       -18.587786731352189     
          17  -18.404636947317403       -18.396490502220793     
          18  -18.202119413699908       -18.193590093310178     
          19  -17.988105031327418       -17.979214384167221     
          20  -17.762728976270886       -17.753499461517482     
          21  -17.526133600877269       -17.516588531596717     
          22  -17.278468343856701       -17.268631828093671     
          23  -17.019889635893840       -17.009786515765487     
          24  -16.750560800842834       -16.740216589791249     
          25  -16.470651952568552       -16.460092770929652     
          26  -16.180339887498953       -16.169592396551039     
          27  -15.879807972956709       -15.868899307614628     
          28  -15.569246031340471       -15.558203731665781     
          29  -15.248850220228960       -15.237702161928020     
          30  -14.918822908483644       -14.907597232569643     
          31  -14.579372548428234       -14.568097590223770     
          32  -14.230713544185710       -14.219417761845335     
          33  -13.873066116256101       -13.861778018988138     
          34  -13.506656162420489       -13.495404238589678     
          35  -13.131715115059128       -13.120527760350210     
          36  -12.748479794973795       -12.737385240797483     
          37  -12.357192261806686       -12.346218504127556     
          38  -11.958099661150376       -11.947274389916361     
          39  -11.551454068445350       -11.540804597795232     
          40  -11.137512329763759       -11.127065529189270     
          41  -10.716535899579931       -10.706318126214477     
          42  -10.288790675630132       -10.278827707834976     
          43  -9.8545468309658304       -9.8448638033800115     
          44  -9.4140786433066506       -9.4046999835242691     
          45  -8.9676643218006475       -8.9586136888340757     
          46  -8.5155858313014541       -8.5068860559852251     
          47  -8.0581287142732538       -8.0498017417581753     
          48  -7.5955819104360236       -7.5876487449179226     
          49  -7.1282375742650146       -7.1207182260865283     
          50  -6.6563908904597344       -6.6493043257181803     
          51  -6.1803398874989499       -6.1737039802865734     
          52  -5.7003852493995240       -5.6942167367959931     
          53  -5.2168301257979364       -5.2111445657276780     
          54  -4.7299799404744958       -4.7247916725350105     
          55  -4.2401421984410952       -4.2354643078001342     
          56  -3.7476262917144902       -3.7434705761666929     
          57  -3.2527433038976743       -3.2491202441633598     
          58  -2.7558058136927639       -2.7527245470333237     
          59  -2.2571276974696319       -2.2545959946854213     
          60  -1.7570239310148661       -1.7550481768835668     
          61  -1.2558103905862703       -1.2543955677906276     
          62 -0.75380365339868960      -0.75295332998388087     
          63 -0.25132079766705551      -0.25103711805910844     
          64  0.25132079766705306       0.25103711805918749     
          65  0.75380365339869149       0.75295332998393416     
          66   1.2558103905862636        1.2543955677906737     
          67   1.7570239310148639        1.7550481768836201     
          68   2.2571276974696342        2.2545959946854719     
          69   2.7558058136927617        2.7527245470333659     
          70   3.2527433038976721        3.2491202441634215     
          71   3.7476262917144925        3.7434705761667200     
          72   4.2401421984410934        4.2354643078001573     
          73   4.7299799404744931        4.7247916725350629     
          74   5.2168301257979390        5.2111445657277269     
          75   5.7003852493995222        5.6942167367960099     
          76   6.1803398874989481        6.1737039802865965     
          77   6.6563908904597326        6.6493043257181830     
          78   7.1282375742650128        7.1207182260865221     
          79   7.5955819104360209        7.5876487449179182     
          80   8.0581287142732556        8.0498017417581966     
          81   8.5155858313014559        8.5068860559852251     
          82   8.9676643218006422        8.9586136888340882     
          83   9.4140786433066452        9.4046999835242939     
          84   9.8545468309658339        9.8448638033800613     
          85   10.288790675630128        10.278827707834962     
          86   10.716535899579927        10.706318126214484     
          87   11.137512329763759        11.127065529189272     
          88   11.551454068445345        11.540804597795271     
          89   11.958099661150367        11.947274389916357     
          90   12.357192261806688        12.346218504127627     
          91   12.748479794973793        12.737385240797467     
          92   13.131715115059123        13.120527760350242     
          93   13.506656162420487        13.495404238589693     
          94   13.873066116256096        13.861778018988199     
          95   14.230713544185708        14.219417761845317     
          96   14.579372548428234        14.568097590223804     
          97   14.918822908483644        14.907597232569621     
          98   15.248850220228956        15.237702161928045     
          99   15.569246031340469        15.558203731665765     
         100   15.879807972956710        15.868899307614683     
         101   16.180339887498949        16.169592396551007     
         102   16.470651952568552        16.460092770929656     
         103   16.750560800842834        16.740216589791231     
         104   17.019889635893833        17.009786515765498     
         105   17.278468343856709        17.268631828093625     
         106   17.526133600877273        17.516588531596703     
         107   17.762728976270886        17.753499461517432     
         108   17.988105031327418        17.979214384167211     
         109   18.202119413699908        18.193590093310160     
         110   18.404636947317403        18.396490502220814     
         111   18.595529717765029        18.587786731352171     
         112   18.774677153077480        18.767357191555433     
         113   18.941966099894884        18.935087662793570     
         114   19.097290894932861        19.090871368294955     
         115   19.240553431721722        19.234609044094285     
         116   19.371663222572625        19.366209003912843     
         117   19.490537455731548        19.485587199330180     
         118   19.597101047684941        19.592667275205130     
         119   19.691286690584107        19.687380620303767     
         120   19.773034894758275        19.769666413097710     
         121   19.842294026289554        19.839471662696432     
         122   19.899020339626002        19.896751244882509     
         123   19.943178005212278        19.941467933219485     
         124   19.974739132120355        19.973592425207279     
         125   19.993683785666004        19.993103363460939     
         126   20.000000000000000        19.999987351893516     
         127   19.993683785666004        19.994238966885192     
         128   19.974739132120352        19.975860763425668     
         129   19.943178005212275        19.944863276218133     
         130   19.899020339626002        19.901265015738268     
         131   19.842294026289554        19.845092459242778     
         132   19.773034894758279        19.776380036727634     
         133   19.691286690584107        19.695170111836422     
         134   19.597101047684941        19.601512957726168     
         135   19.490537455731545        19.495466727897053     
         136   19.371663222572625        19.377097421999956     
         137   19.240553431721722        19.246478846635050     
         138   19.097290894932861        19.103692571161883     
         139   18.941966099894888        18.948827878540413     
         140   18.774677153077484        18.781981711230493     
         141   18.595529717765025        18.603258612175818     
         142   18.404636947317407        18.412770660905974     
         143   18.202119413699911        18.210637404789686     
         144   17.988105031327418        17.996985785479247     
         145   17.762728976270886        17.771950060585851     
         146   17.526133600877273        17.535671720632124     
         147   17.278468343856705        17.288299401328452     
         148   17.019889635893836        17.029988791225726     
         149   16.750560800842837        16.760902534797147     
         150   16.470651952568549        16.481210131008538     
         151   16.180339887498953        16.191087827436309     
         152   15.879807972956714        15.890718509998109     
         153   15.569246031340473        15.580291588361950     
         154   15.248850220228960        15.260002877105004     
         155   14.918822908483648        14.930054472694009     
         156   14.579372548428234        14.590654626363992     
         157   14.230713544185711        14.242017612973696     
         158   13.873066116256108        13.884363595920075     
         159   13.506656162420487        13.517918488195615     
         160   13.131715115059128        13.142913809677029     
         161   12.748479794973790        12.759586540734412     
         162   12.357192261806693        12.368178972254452     
         163   11.958099661150381        11.968938552172432     
         164   11.551454068445350        11.562117728611927     
         165   11.137512329763769        11.147973789731656     
         166   10.716535899579940        10.726768700383124     
         167   10.288790675630118        10.298768935684024     
         168   9.8545468309658322        9.8642453116152211     
         169   9.4140786433066488        9.4234728127501697     
         170   8.9676643218006387        8.9767304172300904     
         171   8.5155858313014594        8.5243009190975574     
         172   8.0581287142732556        8.0664707481050275     
         173   7.5955819104360209        7.6035297871159484     
         174   7.1282375742650261        7.1357711872182188     
         175   6.6563908904597398        6.6634911806707962     
         176   6.1803398874989526        6.1869888918072231     
         177   5.7003852493995399        5.7065661460197612     
         178   5.2168301257979346        5.2225272769507081     
         179   4.7299799404744860        4.7351789320176501     
         180   4.2401421984410979        4.2448298764016581     
         181   3.7476262917144929        3.7517907956278460     
         182   3.2527433038976685        3.2563740968694752     
         183   2.7558058136927710        2.7588937091066583     
         184   2.2571276974696390        2.2596648822731673     
         185   1.7570239310148641        1.7590039855241262     
         186   1.2558103905862816        1.2572283047588826     
         187  0.75380365339870081       0.75465583953370263     
         188  0.25132079766704019       0.25160509949963128     
         189 -0.25132079766705057      -0.25160509949968102     
         190 -0.75380365339869360      -0.75465583953374527     
         191  -1.2558103905862743       -1.2572283047588826     
         192  -1.7570239310148572       -1.7590039855241422     
         193  -2.2571276974696315       -2.2596648822732073     
         194  -2.7558058136927635       -2.7588937091067161     
         195  -3.2527433038976605       -3.2563740968694734     
         196  -3.7476262917144854       -3.7517907956278673     
         197  -4.2401421984410899       -4.2448298764016554     
         198  -4.7299799404744780       -4.7351789320176652     
         199  -5.2168301257979453       -5.2225272769507187     
         200  -5.7003852493995328       -5.7065661460198003     
         201  -6.1803398874989455       -6.1869888918072018     
         202  -6.6563908904597344       -6.6634911806707935     
         203  -7.1282375742650199       -7.1357711872182259     
         204  -7.5955819104360147       -7.6035297871159742     
         205  -8.0581287142732485       -8.0664707481049973     
         206  -8.5155858313014541       -8.5243009190975485     
         207  -8.9676643218006333       -8.9767304172300850     
         208  -9.4140786433066417       -9.4234728127501732     
         209  -9.8545468309658411       -9.8642453116152389     
         210  -10.288790675630127       -10.298768935684070     
         211  -10.716535899579933       -10.726768700383129     
         212  -11.137512329763764       -11.147973789731683     
         213  -11.551454068445343       -11.562117728611955     
         214  -11.958099661150374       -11.968938552172474     
         215  -12.357192261806686       -12.368178972254444     
         216  -12.748479794973784       -12.759586540734428     
         217  -13.131715115059121       -13.142913809677022     
         218  -13.506656162420487       -13.517918488195633     
         219  -13.873066116256087       -13.884363595920068     
         220  -14.230713544185711       -14.242017612973747     
         221  -14.579372548428237       -14.590654626363994     
         222  -14.918822908483643       -14.930054472694021     
         223  -15.248850220228960       -15.260002877105016     
         224  -15.569246031340473       -15.580291588361964     
         225  -15.879807972956703       -15.890718509998083     
         226  -16.180339887498945       -16.191087827436299     
         227  -16.470651952568549       -16.481210131008488     
         228  -16.750560800842827       -16.760902534797118     
         229  -17.019889635893829       -17.029988791225691     
         230  -17.278468343856701       -17.288299401328466     
         231  -17.526133600877269       -17.535671720632081     
         232  -17.762728976270886       -17.771950060585866     
         233  -17.988105031327422       -17.996985785479232     
         234  -18.202119413699908       -18.210637404789701     
         235  -18.404636947317403       -18.412770660905927     
         236  -18.595529717765025       -18.603258612175825     
         237  -18.774677153077480       -18.781981711230451     
         238  -18.941966099894884       -18.948827878540442     
         239  -19.097290894932861       -19.103692571161865     
         240  -19.240553431721715       -19.246478846635103     
         241  -19.371663222572622       -19.377097421999931     
         242  -19.490537455731548       -19.495466727897103     
         243  -19.597101047684941       -19.601512957726165     
         244  -19.691286690584107       -19.695170111836468     
         245  -19.773034894758279       -19.776380036727613     
         246  -19.842294026289551       -19.845092459242817     
         247  -19.899020339626002       -19.901265015738240     
         248  -19.943178005212275       -19.944863276218168     
         249  -19.974739132120352       -19.975860763425668     
         250  -19.993683785666001       -19.994238966885248     
