           0   206.43389336880503        1289794.3487229135     
           1   115.73301318384316        458777.74247842358     
           2   64.449113301577668        42472.962587433503     
           3   56.090972045222522        8074.2985570658011     
           4   53.894405542366357        2169.7962368718104     
           5   53.228445505400323        562.53989249456833     
           6   52.592891769773495        234.04424146325024     
           7   52.481482505403868        149.28525640500925     
           8   52.315120419108091        44.841495417234540     
           9   52.232469780418107        119.99745658692183     
          10   51.397065278965570        91.433275296945922     
          11   50.694847745190856        331.28720242628646     
          12   49.970512893616885        203.91787301410218     
          13   49.961175634839506        6.4804003018875793     
          14   49.920160870513101        7.7967555241706084     
          15   49.846185269706346        1.9367148553998423     
          16   49.782492922546119        334.73115322052496     
          17   49.680004656193120        6.7000616241062465     
          18   49.623545800932163        8.8734533938316082E-002
          19   49.618867387813140        3.6024506156410299     
          20   49.618129040206000       0.17047809138485467     
