  -3926.9908169872415       0.60471737831705497       0.41177869394621247     
  -3865.6315854718159        1.9163114093907299       0.67880629464975994     
  -3804.2723539563904        3.4971099790760660       0.94585234061509982     
  -3742.9131224409643        5.0743375999172180        1.2130635776367640     
  -3681.5538909255388        6.5678273568470722        1.4806432726044281     
  -3620.1946594101132        8.2351518489667530        1.7481989947514971     
  -3558.8354278946877        9.8068147151899829        2.0158654512615906     
  -3497.4761963792616        10.703487739837207        2.2838507469706180     
  -3436.1169648638361        11.251950771442555        2.5517578582697409     
  -3374.7577333484105        12.074427244575087        2.8197096295384227     
  -3313.3985018329849        12.993928295148113        3.0879196845749144     
  -3252.0392703175589        13.846225567787778        3.3559846326875435     
  -3190.6800388021338        14.841070272695275        3.6240157847005641     
  -3129.3208072867083        15.730292126985521        3.8922332772691570     
  -3067.9615757712822        16.252875989786823        4.1602256813628227     
  -3006.6023442558567        16.653166108150835        4.4280932198801821     
  -2945.2431127404311        16.946292382794638        4.6960638246164184     
  -2883.8838812250056        17.162560830281702        4.9637163492668819     
  -2822.5246497095795        17.784377728974420        5.2311404442815377     
  -2761.1654181941544        18.622133132317707        5.4985733810189430     
  -2699.8061866787280        18.962266142266234        5.7655824805452802     
  -2638.4469551633028        19.090470523547800        6.0322473546429212     
  -2577.0877236478773        19.537170076331829        6.2988163977140053     
  -2515.7284921324513        19.862605764480818        6.5648432951591404     
  -2454.3692606170257        19.860005460298265        6.8303981179788975     
  -2393.0100291016001        20.092878595147610        7.0957423890654043     
  -2331.6507975861741        20.536351662955383        7.3604135833448030     
  -2270.2915660707490        20.542206290497472        7.6244726360969697     
  -2208.9323345553235        20.005645459676128        7.8881964153782684     
  -2147.5731030398974        19.318464601744136        8.1511029033799876     
  -2086.2138715244719        18.631809568925817        8.4132441496520070     
  -2024.8546400090463        17.850966970744345        8.6749147881394677     
  -1963.4954084936207        17.176404465479752        8.9356089992928407     
  -1902.1361769781952        17.145676739924859        9.1953699681546688     
  -1840.7769454627694        17.827115598220512        9.4545127061881278     
  -1779.4177139473438        18.507839286243847        9.7125017955756050     
  -1718.0584824319180        18.592519381388364        9.9693712459257569     
  -1656.6992509164925        18.223056106735413        10.225459193961514     
  -1595.3400194010669        17.894229025946547        10.480192608615670     
  -1533.9807878856411        17.893093335071214        10.733595464385534     
  -1472.6215563702156        18.048966534522506        10.986031643645124     
  -1411.2623248547898        18.078160808992237        11.236878862236255     
  -1349.9030933393640        17.984517724074134        11.486148858304844     
  -1288.5438618239386        17.600097895275486        11.734232390699425     
  -1227.1846303085129        16.566672527525423        11.980438795590739     
  -1165.8253987930871        15.270154177523899        12.224759950292160     
  -1104.4661672776617        14.324500324190470        12.467605585916072     
  -1043.1069357622359        13.365015673566321        12.708174199242935     
  -981.74770424681037        12.063678061031508        12.946401044133621     
  -920.38847273138470        11.098066414803048        13.182653800177361     
  -859.02924121595902        10.764711889772421        13.415870451695149     
  -797.67000970053346        10.445510541783598        13.645719693379625     
  -736.31077818510778        9.8912823442191815        13.872145709191781     
  -674.95154666968199        9.3349279705220756        14.093072894866145     
  -613.59231515425643        8.7769045736542690        14.306626648718755     
  -552.23308363883086        8.2065263172708605        14.509971520670852     
  -490.87385212340519        7.7516470429037749        14.695616755137213     
  -429.51462060797951        7.3464264897272242        14.852270584687638     
  -368.15538909255389        6.7850634342295191        14.959923438692732     
  -306.79615757712821        5.9211289677575536        14.979699970663471     
  -245.43692606170259        4.7663142431937988        14.845711832248565     
  -184.07769454627694        3.5509676454391292        14.445124491675829     
  -122.71846303085130        2.4901345894231475        13.593337334848430     
  -61.359231515425648        1.6621002449624998        12.032828933520044     
   0.0000000000000000        1.1475583487459744        9.4864683135534502     
   61.359231515425648       0.81775546515794084        5.8375919067660345     
   122.71846303085130       0.29075097781473636        1.3909598142502702     
   184.07769454627694      -0.53830799878343782       -3.1116580038947594     
   245.43692606170259       -1.5296983141321827       -6.8973345530970143     
   306.79615757712821       -2.7497302988973154       -9.5991637949300603     
   368.15538909255389       -4.1203687810686480       -11.290437672468851     
   429.51462060797951       -5.2059746742033361       -12.236022590348568     
   490.87385212340519       -6.0453892637878432       -12.697809534474235     
   552.23308363883086       -7.2825484032482306       -12.869666986528969     
   613.59231515425643       -8.9734708478124467       -12.872922506506068     
   674.95154666968199       -10.370974183169947       -12.779041462185734     
   736.31077818510778       -11.180716298418764       -12.630675165467451     
   797.67000970053346       -11.824485613856179       -12.450315281724407     
   859.02924121595902       -12.432023165523985       -12.250409976949955     
   920.38847273138470       -12.816182506602829       -12.039287553312473     
   981.74770424681037       -13.180594130044888       -11.820390060412057     
   1043.1069357622359       -13.800750882138376       -11.595685959816016     
   1104.4661672776617       -14.535919098078466       -11.367444484029315     
   1165.8253987930871       -15.153140331539767       -11.135927675191915     
   1227.1846303085129       -15.487353908256697       -10.901371353871045     
   1288.5438618239386       -15.480958094213214       -10.664906476701821     
   1349.9030933393640       -15.411335717065954       -10.426285852763474     
   1411.2623248547898       -15.399522471138193       -10.185458956582561     
   1472.6215563702156       -15.134581803556078       -9.9432712504542344     
   1533.9807878856411       -14.801792073124707       -9.6994098936628284     
   1595.3400194010669       -15.017780479224824       -9.4537748228982164     
   1656.6992509164925       -15.642866782625998       -9.2070923711164330     
   1718.0584824319180       -16.203878432419895       -8.9590568341799361     
   1779.4177139473438       -16.773759671108163       -8.7095560051826713     
   1840.7769454627694       -17.312686836875713       -8.4592409235904373     
   1902.1361769781952       -17.598053675790801       -8.2078229042647415     
   1963.4954084936207       -17.955644552618406       -7.9551821280641857     
   2024.8546400090463       -18.542496438851906       -7.7019126491688219     
   2086.2138715244719       -18.828141252311031       -7.4477420485312589     
   2147.5731030398974       -18.679591540834455       -7.1925424336332417     
   2208.9323345553235       -18.447881327569611       -6.9368619814605985     
   2270.2915660707490       -18.046766785922102       -6.6804424003310654     
   2331.6507975861741       -17.351180846693307       -6.4231469654865840     
   2393.0100291016001       -16.700710470048065       -6.1654861372293688     
   2454.3692606170257       -16.252209659816124       -5.9072139266385078     
   2515.7284921324513       -15.870819240320252       -5.6481844477039598     
   2577.0877236478773       -15.683930788380362       -5.3888770289461938     
   2638.4469551633028       -15.873175640935781       -5.1290567507923948     
   2699.8061866787280       -16.187451426131577       -4.8685686972012157     
   2761.1654181941544       -16.153159163493601       -4.6078666790069347     
   2822.5246497095795       -15.675104791732505       -4.3467261785328333     
   2883.8838812250056       -15.198936963632088       -4.0849837453215567     
   2945.2431127404311       -14.980085222503826       -3.8230726283567922     
   3006.6023442558567       -14.505317993832337       -3.5607785083064218     
   3067.9615757712822       -13.336074398692606       -3.2979301405079857     
   3129.3208072867083       -11.966692206693047       -3.0349446740580355     
   3190.6800388021338       -10.995736168680136       -2.7716181236612947     
   3252.0392703175589       -10.204100500287579       -2.5077723118778668     
   3313.3985018329849       -9.1354399200598042       -2.2438123352220805     
   3374.7577333484105       -7.7808904374756569       -1.9795448889915450     
   3436.1169648638361       -6.3735613742732369       -1.7147857262182500     
   3497.4761963792616       -5.1701884240884040       -1.4499315545337614     
   3558.8354278946877       -4.3371129194683835       -1.1848001862678696     
   3620.1946594101132       -3.6822153374518538      -0.91920206122584514     
   3681.5538909255388       -2.8967091001884859      -0.65352878688099736     
   3742.9131224409643       -2.0322610668511509      -0.38760971422087387     
   3804.2723539563904       -1.2417799356574606      -0.12125052763834709     
   3865.6315854718159      -0.41647699795271631       0.14515934675535025     
