           1  -20.000000000000000        199.99999999999989      -0.20000000000000001       -49999.999999999985     
           2  -19.993683785666004        199.86801947494382      -0.19993683785666005       -2.9427267750821158E-044
           3  -19.974739132120355        199.48377448886981      -0.19974739132120356       -3.0289972708186691E-031
           4  -19.943178005212275        198.84824634564245      -0.19943178005212275       -7.9234002403692032E-016
           5  -19.899020339626002        197.96305096275836      -0.19899020339626003       -1.9174397814966605E-013
           6  -19.842294026289554        196.83043471608380      -0.19842294026289556       -5.0189224967299424E-013
           7  -19.773034894758275        195.45326869328105      -0.19773034894758276        8.4866496490438203E-014
           8  -19.691286690584107        193.83504137088431      -0.19691286690584109       -3.4781224228336817E-013
           9  -19.597101047684941        191.97984973390106      -0.19597101047684942        3.3371460619213801E-031
          10  -19.490537455731545        189.89238886080088      -0.19490537455731546       -8.2267202968235278E-016
          11  -19.371663222572625        187.57794000055105      -0.19371663222572624        1.8688684865869176E-012
          12  -19.240553431721722        185.04235717220718      -0.19240553431721721        1.0274191448376195E-012
          13  -19.097290894932861        182.29205232123650      -0.19097290894932861       -2.7824782379370924E-031
          14  -18.941966099894884        179.33397907041319      -0.18941966099894886       -7.3759290727089546E-016
          15  -18.774677153077480        176.17561510661926      -0.18774677153077479       -7.2695759290986070E-014
          16  -18.595529717765025        172.82494324833937      -0.18595529717765025       -1.3561301161818799E-013
          17  -18.404636947317403        169.29043124191037      -0.18404636947317404        1.5275058627011959E-014
          18  -18.202119413699908        165.58101033780923      -0.18202119413699908       -1.3356905047986549E-013
          19  -17.988105031327418        161.70605270127052      -0.17988105031327417        3.2138865454806329E-031
          20  -17.762728976270886        157.67534771448976      -0.17762728976270886       -8.2668305273955694E-016
          21  -17.526133600877269        153.49907723039297      -0.17526133600877269        4.6592156263320717E-013
          22  -17.278468343856701        149.18778984060464      -0.17278468343856701        7.3417490523252614E-013
          23  -17.019889635893840        144.75237422267446      -0.17019889635893840        4.2226918952256438E-032
          24  -16.750560800842834        140.20403163395147      -0.16750560800842834       -6.6187064207696873E-016
          25  -16.470651952568552        135.55424762157728      -0.16470651952568552       -5.2558859415508497E-014
          26  -16.180339887498953        130.81476302005620      -0.16180339887498954       -7.3766888925209684E-014
          27  -15.879807972956709        125.99754430959359      -0.15879807972956708       -1.0583424632812347E-015
          28  -15.569246031340471        121.11475341001000      -0.15569246031340472       -8.3269412546719987E-014
          29  -15.248850220228960        116.17871698638886      -0.15248850220228960        5.4941875996344773E-031
          30  -14.918822908483644        111.20189534387350      -0.14918822908483645       -8.0412106587827173E-016
          31  -14.579372548428234        106.19685098998130      -0.14579372548428235        3.6884661287230645E-014
          32  -14.230713544185710        101.17621694365917      -0.14230713544185711        5.8626490288066948E-013
          33  -13.873066116256101        96.152664870874290      -0.13873066116256103        1.6548643539303786E-031
          34  -13.506656162420489        91.138873126996430      -0.13506656162420488       -5.6993113686411250E-016
          35  -13.131715115059128        86.147494786377564      -0.13131715115059128       -4.4053479330039117E-014
          36  -12.748479794973795        81.191125739604189      -0.12748479794973794       -4.7726182325000648E-014
          37  -12.357192261806686        76.282272938654160      -0.12357192261806686       -8.5207665219429002E-015
          38  -11.958099661150376        71.433322869838861      -0.11958099661150376       -6.0305928057079020E-014
          39  -11.551454068445350        66.656510333772431      -0.11551454068445351        5.0011495338716357E-031
          40  -11.137512329763759        61.963887610874551      -0.11137512329763759       -7.5640372171023244E-016
          41  -10.716535899579931        57.367294089868921      -0.10716535899579931       -2.3623724139235646E-013
          42  -10.288790675630132        52.878326435603341      -0.10288790675630133        5.0202969248700765E-013
          43  -9.8545468309658304        48.508309371117093       -9.8545468309658310E-002   9.1530725528572254E-032
          44  -9.4140786433066506        44.268267147342350       -9.4140786433066503E-002  -4.6755128887465643E-016
          45  -8.9676643218006475        40.168895772069988       -8.9676643218006474E-002  -3.9242790830696119E-014
          46  -8.5155858313014541        36.220536067902380       -8.5155858313014546E-002  -3.3055290778824211E-014
          47  -8.0581287142732538        32.433147626819235       -8.0581287142732536E-002  -1.2904079287922023E-014
          48  -7.5955819104360236        28.816283726714843       -7.5955819104360237E-002  -4.6852847561443182E-014
          49  -7.1282375742650146        25.379067272848062       -7.1282375742650145E-002   5.0011495338711049E-031
          50  -6.6563908904597344        22.130167824564268       -6.6563908904597346E-002  -6.8652927646148579E-016
          51  -6.1803398874989499        19.077779764916908       -6.1803398874989500E-002  -4.6890706522561390E-032
          52  -5.7003852493995240        16.229601667937352       -5.7003852493995241E-002  -6.8136184913734230E-032
          53  -5.2168301257979364        13.592816915299744       -5.2168301257979367E-002   2.2974377331718387E-031
          54  -4.7299799404744958        11.174075610984328       -4.7299799404744956E-002  -3.6116400048465026E-016
          55  -4.2401421984410952        8.9794778392807366       -4.2401421984410950E-002  -3.6066975509940174E-014
          56  -3.7476262917144902        7.0145583081054461       -3.7476262917144905E-002  -2.3406269747851328E-014
          57  -3.2527433038976743        5.2842724161286192       -3.2527433038976747E-002  -1.5865206661703382E-014
          58  -2.7558058136927639        3.7929837786329088       -2.7558058136927639E-002  -3.7808329459195425E-014
          59  -2.2571276974696319        2.5444532433691371       -2.2571276974696321E-002   3.4246702627821439E-031
          60  -1.7570239310148661        1.5418294239378056       -1.7570239310148662E-002  -5.9888819850734390E-016
          61  -1.2558103905862703       0.78764077442109937       -1.2558103905862704E-002   3.8738911132793058E-013
          62 -0.75380365339868960       0.28378922512394666       -7.5380365339868961E-003  -4.8938625650847562E-014
          63 -0.25132079766705551        3.1545395373711926E-002  -2.5132079766705551E-003   3.5458839668328275E-031
          64  0.25132079766705306        3.1545395373761664E-002   2.5132079766705308E-003  -2.5745397628850435E-016
          65  0.75380365339869149       0.28378922512399640        7.5380365339869151E-003  -3.3751500375968510E-014
          66   1.2558103905862636       0.78764077442122016        1.2558103905862636E-002  -1.6387489196270074E-014
          67   1.7570239310148639        1.5418294239379406        1.7570239310148641E-002  -1.8058989007961591E-014
          68   2.2571276974696342        2.5444532433691833        2.2571276974696342E-002  -3.1152653422595337E-014
          69   2.7558058136927617        3.7929837786330154        2.7558058136927618E-002   2.9176739122581573E-031
          70   3.2527433038976721        5.2842724161287151        3.2527433038976719E-002  -4.9898729909691997E-016
          71   3.7476262917144925        7.0145583081054568        3.7476262917144926E-002   2.6094258417434335E-013
          72   4.2401421984410934        8.9794778392807828        4.2401421984410936E-002   1.0331447776267965E-013
          73   4.7299799404744931        11.174075610984538        4.7299799404744935E-002   4.5362053845974785E-031
          74   5.2168301257979390        13.592816915300020        5.2168301257979388E-002  -1.6293769852538005E-016
          75   5.7003852493995222        16.229601667937366        5.7003852493995220E-002  -3.1938297279646544E-014
          76   6.1803398874989481        19.077779764916983        6.1803398874989486E-002  -1.0890172852743807E-014
          77   6.6563908904597326        22.130167824564339        6.6563908904597333E-002  -1.9797849346093292E-014
          78   7.1282375742650128        25.379067272847919        7.1282375742650131E-002  -2.5918242468611135E-014
          79   7.5955819104360209        28.816283726714744        7.5955819104360209E-002   2.9189650924445848E-031
          80   8.0581287142732556        32.433147626819313        8.0581287142732563E-002  -3.9310371915004166E-016
          81   8.5155858313014559        36.220536067902302        8.5155858313014560E-002   1.6325397273911761E-013
          82   8.9676643218006422        40.168895772069895        8.9676643218006419E-002   1.9734015342102457E-013
          83   9.4140786433066452        44.268267147342669        9.4140786433066448E-002   5.3860053028089851E-031
          84   9.8545468309658339        48.508309371117562        9.8545468309658338E-002  -8.3553972533709724E-017
          85   10.288790675630128        52.878326435603242       0.10288790675630129       -3.0437388365607448E-014
          86   10.716535899579927        57.367294089868835       0.10716535899579928       -6.3244044434468685E-015
          87   11.137512329763759        61.963887610874743       0.11137512329763759       -2.1251374293641289E-014
          88   11.551454068445345        66.656510333772957       0.11551454068445345       -2.1575795352162756E-014
          89   11.958099661150367        71.433322869838861       0.11958099661150368        2.2977008860239821E-031
          90   12.357192261806688        76.282272938654955       0.12357192261806688       -2.8789051340734321E-016
          91   12.748479794973793        81.191125739603805       0.12748479794973794        5.5354071183135805E-014
          92   13.131715115059123        86.147494786377848       0.13131715115059123        2.9017620310400818E-013
          93   13.506656162420487        91.138873126996543       0.13506656162420488        2.8129342648894900E-031
          94   13.873066116256096        96.152664870875228       0.13873066116256097       -2.4290769770438672E-017
          95   14.230713544185708        101.17621694365874       0.14230713544185708       -2.9136870934301421E-014
          96   14.579372548428234        106.19685098998170       0.14579372548428235       -2.3424178619587569E-015
          97   14.918822908483644        111.20189534387299       0.14918822908483645       -2.2521344014862013E-014
          98   15.248850220228956        116.17871698638902       0.15248850220228957       -1.7803831043436760E-014
          99   15.569246031340469        121.11475341000943       0.15569246031340470       -1.6880091683934147E-031
         100   15.879807972956710        125.99754430959440       0.15879807972956711       -1.8995861453269698E-016
         101   16.180339887498949        130.81476302005544       0.16180339887498948       -2.8980050387437474E-032
         102   16.470651952568552        135.55424762157725       0.16470651952568552       -1.7838284796781374E-031
         103   16.750560800842834        140.20403163395116       0.16750560800842834        4.3510916953377048E-031
         104   17.019889635893833        144.75237422267469       0.17019889635893834        1.1128184780028505E-017
         105   17.278468343856709        149.18778984060390       0.17278468343856709       -2.7964599683364202E-014
         106   17.526133600877273        153.49907723039263       0.17526133600877272        1.2791213296862060E-015
         107   17.762728976270886        157.67534771448874       0.17762728976270886       -2.3674541368256352E-014
         108   17.988105031327418        161.70605270127027       0.17988105031327417       -1.4388229920494325E-014
         109   18.202119413699908        165.58101033780878       0.18202119413699908       -1.1227832576417308E-031
         110   18.404636947317403        169.29043124191071       0.18404636947317404       -1.0546144390074363E-016
         111   18.595529717765029        172.82494324833911       0.18595529717765030        1.9836232672669233E-013
         112   18.774677153077480        176.17561510661955       0.18774677153077479       -1.8627462359575594E-013
         113   18.941966099894884        179.33397907041288       0.18941966099894886        4.8761548679851598E-031
         114   19.097290894932861        182.29205232123689       0.19097290894932861        2.0477387941406174E-017
         115   19.240553431721722        185.04235717220647       0.19240553431721721       -2.6869714626425415E-014
         116   19.371663222572625        187.57794000055088       0.19371663222572624        4.6958858126024528E-015
         117   19.490537455731548        189.89238886080017       0.19490537455731549       -2.4758934885351894E-014
         118   19.597101047684941        191.97984973390118       0.19597101047684942       -1.1172966990747692E-014
         119   19.691286690584107        193.83504137088397       0.19691286690584109       -1.3128647179972414E-031
         120   19.773034894758275        195.45326869328193       0.19773034894758276       -3.9708269501198590E-017
         121   19.842294026289554        196.83043471608329       0.19842294026289556        2.0986559638226145E-013
         122   19.899020339626002        197.96305096275842       0.19899020339626003       -5.3884326693511891E-014
         123   19.943178005212278        198.84824634564174       0.19943178005212278        2.2834597364902572E-031
         124   19.974739132120355        199.48377448886976       0.19974739132120356        3.1693948952187325E-018
         125   19.993683785666004        199.86801947494300       0.19993683785666005       -2.5812649234384208E-014
         126   20.000000000000000        199.99999999999983       0.20000000000000001        8.0266922178942438E-015
         127   19.993683785666004        199.87937192685933       0.19993683785666005       -2.5812649234384152E-014
         128   19.974739132120352        199.50642922897538       0.19974739132120353       -8.0330310076846018E-015
         129   19.943178005212275        198.88210332246305       0.19943178005212275       -3.5923677789111709E-031
         130   19.899020339626002        198.00796078747496       0.19899020339626003        3.1693948952185476E-018
         131   19.842294026289554        196.88619948422792       0.19842294026289556        2.0986559638226148E-013
         132   19.773034894758279        195.51964307309541       0.19773034894758279        5.3884326693511739E-014
         133   19.691286690584107        193.91173395215384       0.19691286690584109        1.5760698051738333E-031
         134   19.597101047684941        192.06652462965769       0.19597101047684942       -3.9708269501198639E-017
         135   19.490537455731545        189.98866755279516       0.19490537455731546       -2.4758934885351856E-014
         136   19.371663222572625        187.68340341807999       0.19371663222572624        1.1372754844635333E-014
         137   19.240553431721722        185.15654799249955       0.19240553431721721       -2.6869714626425412E-014
         138   19.097290894932861        182.41447747840812       0.19097290894932861       -4.8572119033704882E-015
         139   18.941966099894888        179.46411245875612       0.18941966099894889       -3.4832921087096448E-031
         140   18.774677153077484        176.31290046296408       0.18774677153077485        2.0477387941405952E-017
         141   18.595529717765025        172.96879719714468       0.18595529717765025        1.9836232672669288E-013
         142   18.404636947317407        169.44024648588226       0.18404636947317407        1.8627462359575571E-013
         143   18.202119413699911        165.73615897596767       0.18202119413699910        7.2538154691596384E-032
         144   17.988105031327418        161.86588965572503       0.17988105031327417       -1.0546144390074336E-016
         145   17.762728976270886        157.83921424651157       0.17762728976270886       -2.3674541368256431E-014
         146   17.526133600877273        153.66630452592290       0.17526133600877272        1.4832332065657437E-014
         147   17.278468343856705        149.35770264490299       0.17278468343856707       -2.7964599683364088E-014
         148   17.019889635893836        144.92429450358750       0.17019889635893837       -1.5345569566076528E-015
         149   16.750560800842837        140.37728225306051       0.16750560800842837       -5.9465963916421674E-031
         150   16.470651952568549        135.72815599251305       0.16470651952568549        1.1128184780028505E-017
         151   16.180339887498953        130.98866473328829       0.16180339887498954        2.8980050387437474E-032
         152   15.879807972956714        126.17078670324234       0.15879807972956714       -1.7838284796781374E-031
         153   15.569246031340473        121.28669906649570       0.15569246031340472        2.9388464109612560E-032
         154   15.248850220228960        116.34874713521212       0.15248850220228960       -1.8995861453269720E-016
         155   14.918822908483648        111.36941315130508       0.14918822908483648       -2.2521344014862151E-014
         156   14.579372548428234        106.36128471712738       0.14579372548428235        1.8515083962026534E-014
         157   14.230713544185711        101.33702295509329       0.14230713544185711       -2.9136870934301630E-014
         158   13.873066116256108        96.309330476907917       0.13873066116256108        2.0596637119749986E-015
         159   13.506656162420487        91.290919243570258       0.13506656162420488       -4.0207882963858874E-031
         160   13.131715115059128        86.294478397644866       0.13131715115059128       -2.4290769770439140E-017
         161   12.748479794973790        81.332642149357213       0.12748479794973791        5.5354071183136499E-014
         162   12.357192261806693        76.417957797983306       0.12357192261806693       -2.9017620310400808E-013
         163   11.958099661150381        71.562853969658079       0.11958099661150381       -6.3005470562776475E-032
         164   11.551454068445350        66.779609152222662       0.11551454068445351       -2.8789051340734361E-016
         165   11.137512329763769        62.080320606970936       0.11137512329763770       -2.1251374293641386E-014
         166   10.716535899579940        57.476873736235845       0.10716535899579940        2.2560249460724714E-014
         167   10.288790675630118        52.980911984610103       0.10288790675630118       -3.0437388365607688E-014
         168   9.8545468309658322        48.603807350254513        9.8545468309658324E-002   6.0828393067669334E-015
         169   9.4140786433066488        44.356631581208831        9.4140786433066490E-002  -3.6312687489921931E-031
         170   8.9676643218006387        40.250128129910891        8.9676643218006391E-002  -8.3553972533710118E-017
         171   8.5155858313014594        36.294684937194930        8.5155858313014601E-002   1.6325397273911779E-013
         172   8.0581287142732556        32.500308114955800        8.0581287142732563E-002  -1.9734015342102427E-013
         173   7.5955819104360209        28.876596594391032        7.5955819104360209E-002  -3.2227498371232401E-031
         174   7.1282375742650261        25.432717804287691        7.1282375742650270E-002  -3.9310371915004186E-016
         175   6.6563908904597398        22.177384441204339        6.6563908904597402E-002  -1.9797849346093339E-014
         176   6.1803398874989526        19.118832390643675        6.1803398874989528E-002   2.7164781948160522E-014
         177   5.7003852493995399        16.264799855374278        5.7003852493995401E-002  -3.1938297279646651E-014
         178   5.2168301257979346        13.622507744011443        5.2168301257979346E-002   1.0755716208545239E-014
         179   4.7299799404744860        11.198641369750902        4.7299799404744859E-002  -5.0413702982832095E-031
         180   4.2401421984410979        8.9993335058347270        4.2401421984410978E-002  -1.6293769852538050E-016
         181   3.7476262917144929        7.0301488408702255        3.7476262917144933E-002   2.6094258417434324E-013
         182   3.2527433038976685        5.2960698735693938        3.2527433038976684E-002  -1.0331447776267949E-013
         183   2.7558058136927710        3.8014842828085307        2.7558058136927712E-002  -4.5097407761879491E-031
         184   2.2571276974696390        2.5501738051657838        2.2571276974696391E-002  -4.9898729909692026E-016
         185   1.7570239310148641        1.5453046482469119        1.7570239310148641E-002  -1.8058989007961714E-014
         186   1.2558103905862816       0.78941946420796683        1.2558103905862816E-002   3.2633694666405951E-014
         187  0.75380365339870081       0.28443090391182579        7.5380365339870080E-003  -3.3751500375968851E-014
         188  0.25132079766704019        3.1616768128841954E-002   2.5132079766704020E-003   1.6419330503230261E-014
         189 -0.25132079766705057        3.1616768128927220E-002  -2.5132079766705057E-003  -4.3526936203325582E-031
         190 -0.75380365339869360       0.28443090391174053       -7.5380365339869360E-003  -2.5745397628850489E-016
         191  -1.2558103905862743       0.78941946420799525       -1.2558103905862743E-002   3.8738911132793063E-013
         192  -1.7570239310148572        1.5453046482469261       -1.7570239310148571E-002   4.8938625650847663E-014
         193  -2.2571276974696315        2.5501738051659828       -2.2571276974696314E-002  -2.4624239957015555E-031
         194  -2.7558058136927635        3.8014842828087296       -2.7558058136927636E-002  -5.9888819850734410E-016
         195  -3.2527433038976605        5.2960698735694223       -3.2527433038976608E-002  -1.5865206661703347E-014
         196  -3.7476262917144854        7.0301488408703960       -3.7476262917144856E-002   3.9481554252255482E-014
         197  -4.2401421984410899        8.9993335058348123       -4.2401421984410902E-002  -3.6066975509940414E-014
         198  -4.7299799404744780        11.198641369750931       -4.7299799404744783E-002   2.3653149352775227E-014
         199  -5.2168301257979453        13.622507744011500       -5.2168301257979451E-002  -1.8893893374006416E-031
         200  -5.7003852493995328        16.264799855374491       -5.7003852493995331E-002  -3.6116400048465051E-016
         201  -6.1803398874989455        19.118832390643536       -6.1803398874989458E-002   4.6890706522561390E-032
         202  -6.6563908904597344        22.177384441204445       -6.6563908904597346E-002  -6.8136184913734230E-032
         203  -7.1282375742650199        25.432717804287911       -7.1282375742650200E-002  -4.2672611799861636E-031
         204  -7.5955819104360147        28.876596594391476       -7.5955819104360153E-002  -6.8652927646148539E-016
         205  -8.0581287142732485        32.500308114955672       -8.0581287142732480E-002  -1.2904079287921790E-014
         206  -8.5155858313014541        36.294684937195001       -8.5155858313014546E-002   4.8663862089539894E-014
         207  -8.9676643218006333        40.250128129911062       -8.9676643218006336E-002  -3.9242790830695910E-014
         208  -9.4140786433066417        44.356631581209022       -9.4140786433066420E-002   3.3552437381399849E-014
         209  -9.8545468309658411        48.603807350254897       -9.8545468309658407E-002  -1.2644003894734663E-031
         210  -10.288790675630127        52.980911984610707      -0.10288790675630127       -4.6755128887465604E-016
         211  -10.716535899579933        57.476873736236122      -0.10716535899579933       -2.3623724139235672E-013
         212  -11.137512329763764        62.080320606971434      -0.11137512329763764       -5.0202969248700805E-013
         213  -11.551454068445343        66.779609152223316      -0.11551454068445344       -5.3633502724534331E-031
         214  -11.958099661150374        71.562853969658988      -0.11958099661150375       -7.5640372171023274E-016
         215  -12.357192261806686        76.417957797983433      -0.12357192261806686       -8.5207665219429538E-015
         216  -12.748479794973784        81.332642149357682      -0.12748479794973785        6.2191680670191800E-014
         217  -13.131715115059121        86.294478397645008      -0.13131715115059123       -4.4053479330039193E-014
         218  -13.506656162420487        91.290919243570727      -0.13506656162420488        4.8493099429036633E-014
         219  -13.873066116256087        96.309330476907974      -0.13873066116256089       -8.3358260954656119E-032
         220  -14.230713544185711        101.33702295509430      -0.14230713544185711       -5.6993113686411250E-016
         221  -14.579372548428237        106.36128471712743      -0.14579372548428238        3.6884661287230671E-014
         222  -14.918822908483643        111.36941315130525      -0.14918822908483642       -5.8626490288066958E-013
         223  -15.248850220228960        116.34874713521248      -0.15248850220228960       -4.3730288546884279E-031
         224  -15.569246031340473        121.28669906649624      -0.15569246031340472       -8.0412106587827192E-016
         225  -15.879807972956703        126.17078670324199      -0.15879807972956703       -1.0583424632808466E-015
         226  -16.180339887498945        130.98866473328820      -0.16180339887498946        8.5162155526079104E-014
         227  -16.470651952568549        135.72815599251220      -0.16470651952568549       -5.2558859415508086E-014
         228  -16.750560800842827        140.37728225306000      -0.16750560800842826        7.4806129361761067E-014
         229  -17.019889635893829        144.92429450358657      -0.17019889635893828        5.7442976631675493E-032
         230  -17.278468343856701        149.35770264490316      -0.17278468343856701       -6.6187064207696844E-016
         231  -17.526133600877269        153.66630452592204      -0.17526133600877269        4.6592156263320737E-013
         232  -17.762728976270886        157.83921424651155      -0.17762728976270886       -7.3417490523252624E-013
         233  -17.988105031327422        161.86588965572469      -0.17988105031327423       -4.4610430669283814E-031
         234  -18.202119413699908        165.73615897596807      -0.18202119413699908       -8.2668305273955694E-016
         235  -18.404636947317403        169.44024648588140      -0.18404636947317404        1.5275058627011442E-014
         236  -18.595529717765025        172.96879719714474      -0.18595529717765025        1.3540059687628182E-013
         237  -18.774677153077480        176.31290046296323      -0.18774677153077479       -7.2695759290986348E-014
         238  -18.941966099894884        179.46411245875689      -0.18941966099894886        1.3691001714179234E-013
         239  -19.097290894932861        182.41447747840752      -0.19097290894932861        8.9097969034709321E-032
         240  -19.240553431721715        185.15654799250063      -0.19240553431721716       -7.3759290727089536E-016
         241  -19.371663222572622        187.68340341807931      -0.19371663222572622        1.8688684865869176E-012
         242  -19.490537455731548        189.98866755279604      -0.19490537455731549       -1.0274191448376191E-012
         243  -19.597101047684941        192.06652462965735      -0.19597101047684942       -2.3450434525923319E-031
         244  -19.691286690584107        193.91173395215480      -0.19691286690584109       -8.2267202968235297E-016
         245  -19.773034894758279        195.51964307309493      -0.19773034894758279        8.4866496490438052E-014
         246  -19.842294026289551        196.88619948422863      -0.19842294026289550        3.4951825035402382E-013
         247  -19.899020339626002        198.00796078747425      -0.19899020339626003       -1.9174397814966623E-013
         248  -19.943178005212275        198.88210332246382      -0.19943178005212275        5.0341626570977718E-013
         249  -19.974739132120352        199.50642922897509      -0.19974739132120353        4.8766897447646207E-031
         250  -19.993683785666001        199.87937192686047      -0.19993683785666000       -7.9234002403692032E-016
