           1  -20.000000000000000        199.99999999999989     
           2  -19.993683785666004        199.86801947494382     
           3  -19.974739132120355        199.48377448886981     
           4  -19.943178005212275        198.84824634564245     
           5  -19.899020339626002        197.96305096275836     
           6  -19.842294026289554        196.83043471608380     
           7  -19.773034894758275        195.45326869328105     
           8  -19.691286690584107        193.83504137088431     
           9  -19.597101047684941        191.97984973390106     
          10  -19.490537455731545        189.89238886080088     
          11  -19.371663222572625        187.57794000055105     
          12  -19.240553431721722        185.04235717220718     
          13  -19.097290894932861        182.29205232123650     
          14  -18.941966099894884        179.33397907041319     
          15  -18.774677153077480        176.17561510661926     
          16  -18.595529717765025        172.82494324833937     
          17  -18.404636947317403        169.29043124191037     
          18  -18.202119413699908        165.58101033780923     
          19  -17.988105031327418        161.70605270127052     
          20  -17.762728976270886        157.67534771448976     
          21  -17.526133600877269        153.49907723039297     
          22  -17.278468343856701        149.18778984060464     
          23  -17.019889635893840        144.75237422267446     
          24  -16.750560800842834        140.20403163395147     
          25  -16.470651952568552        135.55424762157728     
          26  -16.180339887498953        130.81476302005620     
          27  -15.879807972956709        125.99754430959359     
          28  -15.569246031340471        121.11475341001000     
          29  -15.248850220228960        116.17871698638886     
          30  -14.918822908483644        111.20189534387350     
          31  -14.579372548428234        106.19685098998130     
          32  -14.230713544185710        101.17621694365917     
          33  -13.873066116256101        96.152664870874290     
          34  -13.506656162420489        91.138873126996430     
          35  -13.131715115059128        86.147494786377564     
          36  -12.748479794973795        81.191125739604189     
          37  -12.357192261806686        76.282272938654160     
          38  -11.958099661150376        71.433322869838861     
          39  -11.551454068445350        66.656510333772431     
          40  -11.137512329763759        61.963887610874551     
          41  -10.716535899579931        57.367294089868921     
          42  -10.288790675630132        52.878326435603341     
          43  -9.8545468309658304        48.508309371117093     
          44  -9.4140786433066506        44.268267147342350     
          45  -8.9676643218006475        40.168895772069988     
          46  -8.5155858313014541        36.220536067902380     
          47  -8.0581287142732538        32.433147626819235     
          48  -7.5955819104360236        28.816283726714843     
          49  -7.1282375742650146        25.379067272848062     
          50  -6.6563908904597344        22.130167824564268     
          51  -6.1803398874989499        19.077779764916908     
          52  -5.7003852493995240        16.229601667937352     
          53  -5.2168301257979364        13.592816915299744     
          54  -4.7299799404744958        11.174075610984328     
          55  -4.2401421984410952        8.9794778392807366     
          56  -3.7476262917144902        7.0145583081054461     
          57  -3.2527433038976743        5.2842724161286192     
          58  -2.7558058136927639        3.7929837786329088     
          59  -2.2571276974696319        2.5444532433691371     
          60  -1.7570239310148661        1.5418294239378056     
          61  -1.2558103905862703       0.78764077442109937     
          62 -0.75380365339868960       0.28378922512394666     
          63 -0.25132079766705551        3.1545395373711926E-002
          64  0.25132079766705306        3.1545395373761664E-002
          65  0.75380365339869149       0.28378922512399640     
          66   1.2558103905862636       0.78764077442122016     
          67   1.7570239310148639        1.5418294239379406     
          68   2.2571276974696342        2.5444532433691833     
          69   2.7558058136927617        3.7929837786330154     
          70   3.2527433038976721        5.2842724161287151     
          71   3.7476262917144925        7.0145583081054568     
          72   4.2401421984410934        8.9794778392807828     
          73   4.7299799404744931        11.174075610984538     
          74   5.2168301257979390        13.592816915300020     
          75   5.7003852493995222        16.229601667937366     
          76   6.1803398874989481        19.077779764916983     
          77   6.6563908904597326        22.130167824564339     
          78   7.1282375742650128        25.379067272847919     
          79   7.5955819104360209        28.816283726714744     
          80   8.0581287142732556        32.433147626819313     
          81   8.5155858313014559        36.220536067902302     
          82   8.9676643218006422        40.168895772069895     
          83   9.4140786433066452        44.268267147342669     
          84   9.8545468309658339        48.508309371117562     
          85   10.288790675630128        52.878326435603242     
          86   10.716535899579927        57.367294089868835     
          87   11.137512329763759        61.963887610874743     
          88   11.551454068445345        66.656510333772957     
          89   11.958099661150367        71.433322869838861     
          90   12.357192261806688        76.282272938654955     
          91   12.748479794973793        81.191125739603805     
          92   13.131715115059123        86.147494786377848     
          93   13.506656162420487        91.138873126996543     
          94   13.873066116256096        96.152664870875228     
          95   14.230713544185708        101.17621694365874     
          96   14.579372548428234        106.19685098998170     
          97   14.918822908483644        111.20189534387299     
          98   15.248850220228956        116.17871698638902     
          99   15.569246031340469        121.11475341000943     
         100   15.879807972956710        125.99754430959440     
         101   16.180339887498949        130.81476302005544     
         102   16.470651952568552        135.55424762157725     
         103   16.750560800842834        140.20403163395116     
         104   17.019889635893833        144.75237422267469     
         105   17.278468343856709        149.18778984060390     
         106   17.526133600877273        153.49907723039263     
         107   17.762728976270886        157.67534771448874     
         108   17.988105031327418        161.70605270127027     
         109   18.202119413699908        165.58101033780878     
         110   18.404636947317403        169.29043124191071     
         111   18.595529717765029        172.82494324833911     
         112   18.774677153077480        176.17561510661955     
         113   18.941966099894884        179.33397907041288     
         114   19.097290894932861        182.29205232123689     
         115   19.240553431721722        185.04235717220647     
         116   19.371663222572625        187.57794000055088     
         117   19.490537455731548        189.89238886080017     
         118   19.597101047684941        191.97984973390118     
         119   19.691286690584107        193.83504137088397     
         120   19.773034894758275        195.45326869328193     
         121   19.842294026289554        196.83043471608329     
         122   19.899020339626002        197.96305096275842     
         123   19.943178005212278        198.84824634564174     
         124   19.974739132120355        199.48377448886976     
         125   19.993683785666004        199.86801947494300     
         126   20.000000000000000        199.99999999999983     
         127   19.993683785666004        199.87937192685933     
         128   19.974739132120352        199.50642922897538     
         129   19.943178005212275        198.88210332246305     
         130   19.899020339626002        198.00796078747496     
         131   19.842294026289554        196.88619948422792     
         132   19.773034894758279        195.51964307309541     
         133   19.691286690584107        193.91173395215384     
         134   19.597101047684941        192.06652462965769     
         135   19.490537455731545        189.98866755279516     
         136   19.371663222572625        187.68340341807999     
         137   19.240553431721722        185.15654799249955     
         138   19.097290894932861        182.41447747840812     
         139   18.941966099894888        179.46411245875612     
         140   18.774677153077484        176.31290046296408     
         141   18.595529717765025        172.96879719714468     
         142   18.404636947317407        169.44024648588226     
         143   18.202119413699911        165.73615897596767     
         144   17.988105031327418        161.86588965572503     
         145   17.762728976270886        157.83921424651157     
         146   17.526133600877273        153.66630452592290     
         147   17.278468343856705        149.35770264490299     
         148   17.019889635893836        144.92429450358750     
         149   16.750560800842837        140.37728225306051     
         150   16.470651952568549        135.72815599251305     
         151   16.180339887498953        130.98866473328829     
         152   15.879807972956714        126.17078670324234     
         153   15.569246031340473        121.28669906649570     
         154   15.248850220228960        116.34874713521212     
         155   14.918822908483648        111.36941315130508     
         156   14.579372548428234        106.36128471712738     
         157   14.230713544185711        101.33702295509329     
         158   13.873066116256108        96.309330476907917     
         159   13.506656162420487        91.290919243570258     
         160   13.131715115059128        86.294478397644866     
         161   12.748479794973790        81.332642149357213     
         162   12.357192261806693        76.417957797983306     
         163   11.958099661150381        71.562853969658079     
         164   11.551454068445350        66.779609152222662     
         165   11.137512329763769        62.080320606970936     
         166   10.716535899579940        57.476873736235845     
         167   10.288790675630118        52.980911984610103     
         168   9.8545468309658322        48.603807350254513     
         169   9.4140786433066488        44.356631581208831     
         170   8.9676643218006387        40.250128129910891     
         171   8.5155858313014594        36.294684937194930     
         172   8.0581287142732556        32.500308114955800     
         173   7.5955819104360209        28.876596594391032     
         174   7.1282375742650261        25.432717804287691     
         175   6.6563908904597398        22.177384441204339     
         176   6.1803398874989526        19.118832390643675     
         177   5.7003852493995399        16.264799855374278     
         178   5.2168301257979346        13.622507744011443     
         179   4.7299799404744860        11.198641369750902     
         180   4.2401421984410979        8.9993335058347270     
         181   3.7476262917144929        7.0301488408702255     
         182   3.2527433038976685        5.2960698735693938     
         183   2.7558058136927710        3.8014842828085307     
         184   2.2571276974696390        2.5501738051657838     
         185   1.7570239310148641        1.5453046482469119     
         186   1.2558103905862816       0.78941946420796683     
         187  0.75380365339870081       0.28443090391182579     
         188  0.25132079766704019        3.1616768128841954E-002
         189 -0.25132079766705057        3.1616768128927220E-002
         190 -0.75380365339869360       0.28443090391174053     
         191  -1.2558103905862743       0.78941946420799525     
         192  -1.7570239310148572        1.5453046482469261     
         193  -2.2571276974696315        2.5501738051659828     
         194  -2.7558058136927635        3.8014842828087296     
         195  -3.2527433038976605        5.2960698735694223     
         196  -3.7476262917144854        7.0301488408703960     
         197  -4.2401421984410899        8.9993335058348123     
         198  -4.7299799404744780        11.198641369750931     
         199  -5.2168301257979453        13.622507744011500     
         200  -5.7003852493995328        16.264799855374491     
         201  -6.1803398874989455        19.118832390643536     
         202  -6.6563908904597344        22.177384441204445     
         203  -7.1282375742650199        25.432717804287911     
         204  -7.5955819104360147        28.876596594391476     
         205  -8.0581287142732485        32.500308114955672     
         206  -8.5155858313014541        36.294684937195001     
         207  -8.9676643218006333        40.250128129911062     
         208  -9.4140786433066417        44.356631581209022     
         209  -9.8545468309658411        48.603807350254897     
         210  -10.288790675630127        52.980911984610707     
         211  -10.716535899579933        57.476873736236122     
         212  -11.137512329763764        62.080320606971434     
         213  -11.551454068445343        66.779609152223316     
         214  -11.958099661150374        71.562853969658988     
         215  -12.357192261806686        76.417957797983433     
         216  -12.748479794973784        81.332642149357682     
         217  -13.131715115059121        86.294478397645008     
         218  -13.506656162420487        91.290919243570727     
         219  -13.873066116256087        96.309330476907974     
         220  -14.230713544185711        101.33702295509430     
         221  -14.579372548428237        106.36128471712743     
         222  -14.918822908483643        111.36941315130525     
         223  -15.248850220228960        116.34874713521248     
         224  -15.569246031340473        121.28669906649624     
         225  -15.879807972956703        126.17078670324199     
         226  -16.180339887498945        130.98866473328820     
         227  -16.470651952568549        135.72815599251220     
         228  -16.750560800842827        140.37728225306000     
         229  -17.019889635893829        144.92429450358657     
         230  -17.278468343856701        149.35770264490316     
         231  -17.526133600877269        153.66630452592204     
         232  -17.762728976270886        157.83921424651155     
         233  -17.988105031327422        161.86588965572469     
         234  -18.202119413699908        165.73615897596807     
         235  -18.404636947317403        169.44024648588140     
         236  -18.595529717765025        172.96879719714474     
         237  -18.774677153077480        176.31290046296323     
         238  -18.941966099894884        179.46411245875689     
         239  -19.097290894932861        182.41447747840752     
         240  -19.240553431721715        185.15654799250063     
         241  -19.371663222572622        187.68340341807931     
         242  -19.490537455731548        189.98866755279604     
         243  -19.597101047684941        192.06652462965735     
         244  -19.691286690584107        193.91173395215480     
         245  -19.773034894758279        195.51964307309493     
         246  -19.842294026289551        196.88619948422863     
         247  -19.899020339626002        198.00796078747425     
         248  -19.943178005212275        198.88210332246382     
         249  -19.974739132120352        199.50642922897509     
         250  -19.993683785666001        199.87937192686047     
