  -3926.9908169872415       0.64168957710029773       -3.3334926802391432E-015 -0.49146233727779742     
  -3865.6315854718159        1.0743586265345022       0.40559507932276961      -0.10545325000432282     
  -3804.2723539563904        1.5081944205124884       0.81137943582050021       0.28189570624054294     
  -3742.9131224409643        1.9431083146283310        1.2167311885460323       0.67016468914979388     
  -3681.5538909255388        2.3788907664956067        1.6218259857374804        1.0594679328069150     
  -3620.1946594101132        2.8154707546234450        2.0268659546670680        1.4500064440016089     
  -3558.8354278946877        3.2526894458047684        2.4312255824912317        1.8412678237778284     
  -3497.4761963792616        3.6902648531912359        2.8350659864134569        2.2332721123388497     
  -3436.1169648638361        4.1280569435276195        3.2386014137730363        2.6261591714594363     
  -3374.7577333484105        4.5658459886054263        3.6411989260511470        3.0193588083691916     
  -3313.3985018329849        5.0032899162865014        4.0430040032015144        3.4128421594505172     
  -3252.0392703175589        5.4401953821043332        4.4442422528295769        3.8067400676273468     
  -3190.6800388021338        5.8762993671462178        4.8442691766069323        4.2004777024625470     
  -3129.3208072867083        6.3112183263986594        5.2432132082398946        4.5940339791181595     
  -3067.9615757712822        6.7447256037097132        5.6413104312839710        4.9875875214145911     
  -3006.6023442558567        7.1765348939166040        6.0379000982813924        5.3806098109860043     
  -2945.2431127404311        7.6062403633848934        6.4330917536006265        5.7731359685491555     
  -2883.8838812250056        8.0336010441837598        6.8271308205890948        6.1654355483062222     
  -2822.5246497095795        8.4583248701580818        7.2193347798609055        6.5570582397073078     
  -2761.1654181941544        8.8799990365462378        7.6097918232836141        6.9481205895316709     
  -2699.8061866787280        9.2983823021252974        7.9987551407712960        7.3389996633834533     
  -2638.4469551633028        9.7131883142941735        8.3855137019226866        7.7293252715834377     
  -2577.0877236478773        10.124005478104559        8.7701309866138892        8.1192888359565973     
  -2515.7284921324513        10.530598342896463        9.1528656556327022        8.5093588478174063     
  -2454.3692606170257        10.932688763714840        9.5329696581028998        8.8992134254148816     
  -2393.0100291016001        11.329864400805231        9.9104770783325762        9.2890795241445083     
  -2331.6507975861741        11.721890547472031        10.285648569362106        9.6794699821762222     
  -2270.2915660707490        12.108487310403914        10.657687939571353        10.070049683376983     
  -2208.9323345553235        12.489225583683512        11.026593179598887        10.461015470292551     
  -2147.5731030398974        12.863850886779261        11.392621497769579        10.852854977452393     
  -2086.2138715244719        13.232054298398314        11.754913493926676        11.245138255361843     
  -2024.8546400090463        13.593354552331988        12.113421185619220        11.637950764801065     
  -1963.4954084936207        13.947436023077399        12.468389574079078        12.031673623170809     
  -1902.1361769781952        14.293910952303118        12.818874794580145        12.425689729264075     
  -1840.7769454627694        14.632186652082579        13.164767749004948        12.819884052028748     
  -1779.4177139473438        14.961821264734365        13.506286599472944        13.214443014306987     
  -1718.0584824319180        15.282275344958734        13.842371573495051        13.608459661387812     
  -1656.6992509164925        15.592764527874255        14.172828077107820        14.001517527232521     
  -1595.3400194010669        15.892639534478089        14.497821860203375        14.393503415454862     
  -1533.9807878856411        16.181126383662818        14.816127882589370        14.783089659669130     
  -1472.6215563702156        16.457166933466581        15.127424145516152        15.169420737078115     
  -1411.2623248547898        16.719832858173277        15.431776384095976        15.551927818503724     
  -1349.9030933393640        16.968053375500464        15.727710360994291        15.928656473519052     
  -1288.5438618239386        17.200445379969256        16.014697681119443        16.298078938962206     
  -1227.1846303085129        17.415769686631787        16.292606777420531        16.658887633629373     
  -1165.8253987930871        17.612635150623653        16.559553784321359        17.008120270990680     
  -1104.4661672776617        17.789306266960445        16.814632852686504        17.343123602412291     
  -1043.1069357622359        17.944190076281682        17.057284627738163        17.661278756229279     
  -981.74770424681037        18.075466559815048        17.284846531892711        17.957842968998971     
  -920.38847273138470        18.180810134616166        17.495575170731215        18.228083372797776     
  -859.02924121595902        18.257823360865117        17.687793791798150        18.466820361274578     
  -797.67000970053346        18.303422633426123        17.856929848337309        18.665808983750608     
  -736.31077818510778        18.313238634959720        17.998721201610465        18.815960423330644     
  -674.95154666968199        18.281644235975996        18.107555346103304        18.906273901088671     
  -613.59231515425643        18.200258649068186        18.172026412143900        18.920016617240545     
  -552.23308363883086        18.056041492075344        18.176939901136205        18.835943359412180     
  -490.87385212340519        17.829308290964121        18.097564726802268        18.623946557307121     
  -429.51462060797951        17.488670145094979        17.888187285942674        18.235300781952880     
  -368.15538909255389        16.983962146805929        17.474201402912776        17.595255258409615     
  -306.79615757712821        16.237499564200725        16.728379933721378        16.583528713017373     
  -245.43692606170259        15.132454390309356        15.440763718519511        15.009650511481569     
  -184.07769454627694        13.508719505812586        13.316003778943813        12.614314139580696     
  -122.71846303085130        11.185781124619798        10.033565324176077        9.1309704884891438     
  -61.359231515425648        8.0371086794668152        5.4664921643861302        4.4819611170552758     
   0.0000000000000000        4.1219354225700773       -3.3334926802391432E-015 -0.94824806773697856     
   61.359231515425648      -0.21546971255429570       -5.4664921643861435       -6.3161621328724538     
   122.71846303085130       -4.4302672592659427       -10.033565324176086       -10.775914811068400     
   184.07769454627694       -8.0349687892457187       -13.316003778943827       -13.951534341681644     
   245.43692606170259       -10.805489815397125       -15.440763718519509       -15.955378555454644     
   306.79615757712821       -12.777592450033776       -16.728379933721385       -17.100573482918605     
   368.15538909255389       -14.115793890423390       -17.474201402912776       -17.685305456710452     
   429.51462060797951       -15.000787653530262       -17.888187285942674       -17.926681722551972     
   490.87385212340519       -15.578532316064274       -18.097564726802258       -17.960422357510701     
   552.23308363883086       -15.950637114239212       -18.176939901136201       -17.867710482458271     
   613.59231515425643       -16.183593661106375       -18.172026412143904       -17.698770266568228     
   674.95154666968199       -16.319772026728131       -18.107555346103311       -17.482056654611767     
   736.31077818510778       -16.385374877117791       -17.998721201610461       -17.234944454342738     
   797.67000970053346       -16.397222161489061       -17.856929848337305       -16.970075287265519     
   859.02924121595902       -16.366477475631687       -17.687793791798150       -16.694341760824166     
   920.38847273138470       -16.300323814762613       -17.495575170731215       -16.412536181799396     
   981.74770424681037       -16.204013306455934       -17.284846531892704       -16.129371555553583     
   1043.1069357622359       -16.081579263458146       -17.057284627738159       -15.846917417735364     
   1104.4661672776617       -15.935803505107904       -16.814632852686508       -15.566751656843396     
   1165.8253987930871       -15.769081902510056       -16.559553784321363       -15.291059481625828     
   1227.1846303085129       -15.583488437052985       -16.292606777420531       -15.020111984925805     
   1288.5438618239386       -15.380449305858169       -16.014697681119440       -14.753972705021020     
   1349.9030933393640       -15.161329166433481       -15.727710360994283       -14.493348794995304     
   1411.2623248547898       -14.927381909190883       -15.431776384095969       -14.237324881298694     
   1472.6215563702156       -14.679412038640152       -15.127424145516148       -13.984868676805164     
   1533.9807878856411       -14.418272031457295       -14.816127882589363       -13.735611414676839     
   1595.3400194010669       -14.144800090439974       -14.497821860203381       -13.487833859131793     
   1656.6992509164925       -13.859503469734710       -14.172828077107820       -13.239847595202729     
   1718.0584824319180       -13.563002222286892       -13.842371573495051       -12.990751442137324     
   1779.4177139473438       -13.255964941980896       -13.506286599472940       -12.738610852866190     
   1840.7769454627694       -12.938806484676565       -13.164767749004948       -12.481720058722017     
   1902.1361769781952       -12.612086295940756       -12.818874794580143       -12.219320141609227     
   1963.4954084936207       -12.276442140824878       -12.468389574079074       -11.949893403488270     
   2024.8546400090463       -11.932295865007500       -12.113421185619218       -11.672286748951610     
   2086.2138715244719       -11.580214368947219       -11.754913493926676       -11.386369732398244     
   2147.5731030398974       -11.220844444905822       -11.392621497769575       -11.091390295014847     
   2208.9323345553235       -10.854625832619810       -11.026593179598883       -10.786962123376824     
   2270.2915660707490       -10.482124265466911       -10.657687939571353       -10.473672033802435     
   2331.6507975861741       -10.103972096030336       -10.285648569362108       -10.151486715071254     
   2393.0100291016001       -9.7205897756567143       -9.9104770783325762       -9.8206355632261761     
   2454.3692606170257       -9.3324989070822042       -9.5329696581028998       -9.4821992442587142     
   2515.7284921324513       -8.9402720930226920       -9.1528656556327022       -9.1365773414325737     
   2577.0877236478773       -8.5442631703769862       -8.7701309866138892       -8.7843009086475554     
   2638.4469551633028       -8.1449055417704450       -8.3855137019226813       -8.4266294785257330     
   2699.8061866787280       -7.7426727640587485       -7.9987551407712889       -8.0640842535912256     
   2761.1654181941544       -7.3378166952381267       -7.6097918232836141       -7.6972102867698640     
   2822.5246497095795       -6.9306542754859626       -7.2193347798609082       -7.3271944030962910     
   2883.8838812250056       -6.5215391151688236       -6.8271308205890957       -6.9544583280038728     
   2945.2431127404311       -6.1106061221187069       -6.4330917536006300       -6.5793780278374001     
   3006.6023442558567       -5.6980487187197504       -6.0379000982813986       -6.2029254785467263     
   3067.9615757712822       -5.2841011356112464       -5.6413104312839737       -5.8253117862495927     
   3129.3208072867083       -4.8687879267094534       -5.2432132082398981       -5.4466662689811827     
   3190.6800388021338       -4.4521929316330819       -4.8442691766069412       -5.0677021481564397     
   3252.0392703175589       -4.0344516897232214       -4.4442422528295777       -4.6883999294808909     
   3313.3985018329849       -3.6155041243074812       -4.0430040032015153       -4.3086477502187570     
   3374.7577333484105       -3.1953559867557786       -3.6411989260511506       -3.9289307149136219     
   3436.1169648638361       -2.7740804975134727       -3.2386014137730417       -3.5490456693254533     
   3497.4761963792616       -2.3515722543076460       -2.8350659864134533       -3.1687035864139164     
   3558.8354278946877       -1.9278013612540157       -2.4312255824912272       -2.7882417544421818     
   3620.1946594101132       -1.5028231410439776       -2.0268659546670609       -2.4073610969571844     
   3681.5538909255388       -1.0765311615275586       -1.6218259857374822       -2.0256901793769710     
   3742.9131224409643      -0.64890395261649925       -1.2167311885460288       -1.6435188449008544     
   3804.2723539563904      -0.22002164324755213      -0.81137943582049576       -1.2605492198607737     
   3865.6315854718159       0.21018386231106501      -0.40559507932276739      -0.87642035263416895     
