  -3926.9908169872415       0.64168957710029773       -3.3334926802391432E-015  -3.3441251617772338E-002
  -3865.6315854718159        1.0743586265345022       0.40559507932276961       0.34103700831578454     
  -3804.2723539563904        1.5081944205124884       0.81137943582050021       0.71671296886079539     
  -3742.9131224409643        1.9431083146283310        1.2167311885460323        1.0935142780799199     
  -3681.5538909255388        2.3788907664956067        1.6218259857374804        1.4718871502159701     
  -3620.1946594101132        2.8154707546234450        2.0268659546670680        1.8523619549252484     
  -3558.8354278946877        3.2526894458047684        2.4312255824912317        2.2345784041646573     
  -3497.4761963792616        3.6902648531912359        2.8350659864134569        2.6186571928842461     
  -3436.1169648638361        4.1280569435276195        3.2386014137730363        3.0048186611239798     
  -3374.7577333484105        4.5658459886054263        3.6411989260511470        3.3923880215471636     
  -3313.3985018329849        5.0032899162865014        4.0430040032015144        3.7811849744916071     
  -3252.0392703175589        5.4401953821043332        4.4442422528295769        4.1711918086311544     
  -3190.6800388021338        5.8762993671462178        4.8442691766069323        4.5615293462885260     
  -3129.3208072867083        6.3112183263986594        5.2432132082398946        4.9518629083907655     
  -3067.9615757712822        6.7447256037097132        5.6413104312839710        5.3421111946837270     
  -3006.6023442558567        7.1765348939166040        6.0379000982813924        5.7313793302972860     
  -2945.2431127404311        7.6062403633848934        6.4330917536006265        6.1193772594256224     
  -2883.8838812250056        8.0336010441837598        6.8271308205890948        6.5061592789730645     
  -2822.5246497095795        8.4583248701580818        7.2193347798609055        6.8909991413300791     
  -2761.1654181941544        8.8799990365462378        7.6097918232836141        7.2738174234949415     
  -2699.8061866787280        9.2983823021252974        7.9987551407712960        7.6549422318438198     
  -2638.4469551633028        9.7131883142941735        8.3855137019226866        8.0339118548223105     
  -2577.0877236478773        10.124005478104559        8.7701309866138892        8.4109111009510755     
  -2515.7284921324513        10.530598342896463        9.1528656556327022        8.7865476543722192     
  -2454.3692606170257        10.932688763714840        9.5329696581028998        9.1605719698220938     
  -2393.0100291016001        11.329864400805231        9.9104770783325762        9.5333308103205621     
  -2331.6507975861741        11.721890547472031        10.285648569362106        9.9055621469952086     
  -2270.2915660707490        12.108487310403914        10.657687939571353        10.277029511595011     
  -2208.9323345553235        12.489225583683512        11.026593179598887        10.648011869662120     
  -2147.5731030398974        12.863850886779261        11.392621497769579        11.019128589897475     
  -2086.2138715244719        13.232054298398314        11.754913493926676        11.389890324200046     
  -2024.8546400090463        13.593354552331988        12.113421185619220        11.760251115822561     
  -1963.4954084936207        13.947436023077399        12.468389574079078        12.130476787406856     
  -1902.1361769781952        14.293910952303118        12.818874794580145        12.499610777491053     
  -1840.7769454627694        14.632186652082579        13.164767749004948        12.867113797583325     
  -1779.4177139473438        14.961821264734365        13.506286599472944        13.232783120656933     
  -1718.0584824319180        15.282275344958734        13.842371573495051        13.595121626862571     
  -1656.6992509164925        15.592764527874255        14.172828077107820        13.953087493540378     
  -1595.3400194010669        15.892639534478089        14.497821860203375        14.306063921695721     
  -1533.9807878856411        16.181126383662818        14.816127882589370        14.652108419185291     
  -1472.6215563702156        16.457166933466581        15.127424145516152        14.989835479266993     
  -1411.2623248547898        16.719832858173277        15.431776384095976        15.318428092270963     
  -1349.9030933393640        16.968053375500464        15.727710360994291        15.635730543730597     
  -1288.5438618239386        17.200445379969256        16.014697681119443        15.940288479316791     
  -1227.1846303085129        17.415769686631787        16.292606777420531        16.231377841940677     
  -1165.8253987930871        17.612635150623653        16.559553784321359        16.506878899865605     
  -1104.4661672776617        17.789306266960445        16.814632852686504        16.765494419318781     
  -1043.1069357622359        17.944190076281682        17.057284627738163        17.006737995811243     
  -981.74770424681037        18.075466559815048        17.284846531892711        17.228479007979942     
  -920.38847273138470        18.180810134616166        17.495575170731215        17.429343432093731     
  -859.02924121595902        18.257823360865117        17.687793791798150        17.608522744210841     
  -797.67000970053346        18.303422633426123        17.856929848337309        17.762752475515402     
  -736.31077818510778        18.313238634959720        17.998721201610465        17.888763642705495     
  -674.95154666968199        18.281644235975996        18.107555346103304        17.982385610783027     
  -613.59231515425643        18.200258649068186        18.172026412143900        18.034023220745748     
  -552.23308363883086        18.056041492075344        18.176939901136205        18.029856640670285     
  -490.87385212340519        17.829308290964121        18.097564726802268        17.947255597912548     
  -429.51462060797951        17.488670145094979        17.888187285942674        17.743592535806393     
  -368.15538909255389        16.983962146805929        17.474201402912776        17.348182944283035     
  -306.79615757712821        16.237499564200725        16.728379933721378        16.641367971280868     
  -245.43692606170259        15.132454390309356        15.440763718519511        15.425624972351482     
  -184.07769454627694        13.508719505812586        13.316003778943813        13.420995244387550     
  -122.71846303085130        11.185781124619798        10.033565324176077        10.317323684211143     
  -61.359231515425648        8.0371086794668152        5.4664921643861302        5.9676180216726857     
   0.0000000000000000        4.1219354225700773       -3.3334926802391432E-015  0.68958781475332687     
   61.359231515425648      -0.21546971255429570       -5.4664921643861435       -4.6910176865098121     
   122.71846303085130       -4.4302672592659427       -10.033565324176086       -9.2881561263919981     
   184.07769454627694       -8.0349687892457187       -13.316003778943827       -12.667780924950275     
   245.43692606170259       -10.805489815397125       -15.440763718519509       -14.902467473040687     
   306.79615757712821       -12.777592450033776       -16.728379933721385       -16.286304408435051     
   368.15538909255389       -14.115793890423390       -17.474201402912776       -17.108618093793162     
   429.51462060797951       -15.000787653530262       -17.888187285942674       -17.581701669005476     
   490.87385212340519       -15.578532316064274       -18.097564726802258       -17.837495403817353     
   552.23308363883086       -15.950637114239212       -18.176939901136201       -17.953780483332476     
   613.59231515425643       -16.183593661106375       -18.172026412143904       -17.978402161395444     
   674.95154666968199       -16.319772026728131       -18.107555346103311       -17.938058735012618     
   736.31077818510778       -16.385374877117791       -17.998721201610461       -17.848831176335995     
   797.67000970053346       -16.397222161489061       -17.856929848337305       -17.722806661237037     
   859.02924121595902       -16.366477475631687       -17.687793791798150       -17.566580153154451     
   920.38847273138470       -16.300323814762613       -17.495575170731215       -17.384789471198879     
   981.74770424681037       -16.204013306455934       -17.284846531892704       -17.182385703119461     
   1043.1069357622359       -16.081579263458146       -17.057284627738159       -16.961734165002852     
   1104.4661672776617       -15.935803505107904       -16.814632852686508       -16.724774113034627     
   1165.8253987930871       -15.769081902510056       -16.559553784321363       -16.474380198850383     
   1227.1846303085129       -15.583488437052985       -16.292606777420531       -16.211586703465954     
   1288.5438618239386       -15.380449305858169       -16.014697681119440       -15.937340002713778     
   1349.9030933393640       -15.161329166433481       -15.727710360994283       -15.653578728635239     
   1411.2623248547898       -14.927381909190883       -15.431776384095969       -15.360722804246274     
   1472.6215563702156       -14.679412038640152       -15.127424145516148       -15.059204534537798     
   1533.9807878856411       -14.418272031457295       -14.816127882589363       -14.750419037008113     
   1595.3400194010669       -14.144800090439974       -14.497821860203381       -14.434442453210345     
   1656.6992509164925       -13.859503469734710       -14.172828077107820       -14.111400980595487     
   1718.0584824319180       -13.563002222286892       -13.842371573495051       -13.782349069927424     
   1779.4177139473438       -13.255964941980896       -13.506286599472940       -13.447171178410551     
   1840.7769454627694       -12.938806484676565       -13.164767749004948       -13.105820148661198     
   1902.1361769781952       -12.612086295940756       -12.818874794580143       -12.759152857951223     
   1963.4954084936207       -12.276442140824878       -12.468389574079074       -12.406978126552669     
   2024.8546400090463       -11.932295865007500       -12.113421185619218       -12.049184779513386     
   2086.2138715244719       -11.580214368947219       -11.754913493926676       -11.686551847525212     
   2147.5731030398974       -11.220844444905822       -11.392621497769575       -11.318912734182724     
   2208.9323345553235       -10.854625832619810       -11.026593179598883       -10.946186639710355     
   2270.2915660707490       -10.482124265466911       -10.657687939571353       -10.569173463851145     
   2331.6507975861741       -10.103972096030336       -10.285648569362108       -10.187810151326936     
   2393.0100291016001       -9.7205897756567143       -9.9104770783325762       -9.8021150890455342     
   2454.3692606170257       -9.3324989070822042       -9.5329696581028998       -9.4129742822679496     
   2515.7284921324513       -8.9402720930226920       -9.1528656556327022       -9.0204708535676588     
   2577.0877236478773       -8.5442631703769862       -8.7701309866138892       -8.6247499933318412     
   2638.4469551633028       -8.1449055417704450       -8.3855137019226813       -8.2268015781401189     
   2699.8061866787280       -7.7426727640587485       -7.9987551407712889       -7.8268483271365819     
   2761.1654181941544       -7.3378166952381267       -7.6097918232836141       -7.4251381096838056     
   2822.5246497095795       -6.9306542754859626       -7.2193347798609082       -7.0227278836431877     
   2883.8838812250056       -6.5215391151688236       -6.8271308205890957       -6.6199198708341607     
   2945.2431127404311       -6.1106061221187069       -6.4330917536006300       -6.2169879459761912     
   3006.6023442558567       -5.6980487187197504       -6.0379000982813986       -5.8149681422738118     
   3067.9615757712822       -5.2841011356112464       -5.6413104312839737       -5.4141356690217783     
   3129.3208072867083       -4.8687879267094534       -5.2432132082398981       -5.0146728547459993     
   3190.6800388021338       -4.4521929316330819       -4.8442691766069412       -4.6174727682964134     
   3252.0392703175589       -4.0344516897232214       -4.4442422528295777       -4.2226535340813296     
   3313.3985018329849       -3.6155041243074812       -4.0430040032015153       -3.8301770451946213     
   3374.7577333484105       -3.1953559867557786       -3.6411989260511506       -3.4406743623236657     
   3436.1169648638361       -2.7740804975134727       -3.2386014137730417       -3.0539971152720193     
   3497.4761963792616       -2.3515722543076460       -2.8350659864134533       -2.6697975867463004     
   3558.8354278946877       -1.9278013612540157       -2.4312255824912272       -2.2883854679093583     
   3620.1946594101132       -1.5028231410439776       -2.0268659546670609       -1.9093166035774258     
   3681.5538909255388       -1.0765311615275586       -1.6218259857374822       -1.5319428400036550     
   3742.9131224409643      -0.64890395261649925       -1.2167311885460288       -1.1563061772864121     
   3804.2723539563904      -0.22002164324755213      -0.81137943582049576      -0.78176002523711663     
   3865.6315854718159       0.21018386231106501      -0.40559507932276739      -0.40748957993052937     
