  -3926.9908169872415       0.41353624213002860       -1.6467430784072538E-015   1.6191163591702917E-002
  -3865.6315854718159       0.68153852953818195       0.25735800991989022       0.26861350515254445     
  -3804.2723539563904       0.94956465629771447       0.51487647282201143       0.52120838793872037     
  -3742.9131224409643        1.2177621550321134       0.77219340244564094       0.77366681717120755     
  -3681.5538909255388        1.4863244567757139        1.0294618565717464        1.0261628956673317     
  -3620.1946594101132        1.7548645710228223        1.2868502169440879        1.2788853365381758     
  -3558.8354278946877        2.0235179161186760        1.5439949019365482        1.5315190257990725     
  -3497.4761963792616        2.2924823557202441        1.8010420409129075        1.7842257094273268     
  -3436.1169648638361        2.5613658653106484        2.0581685575544277        2.0371950630662150     
  -3374.7577333484105        2.8302919307146350        2.3150076335109562        2.2901008646182772     
  -3313.3985018329849        3.0994635027625597        2.5716988809460286        2.5430897518617304     
  -3252.0392703175589        3.3684817997767373        2.8284284735112415        2.7963502497501178     
  -3190.6800388021338        3.6374587525302156        3.0848246195631557        3.0495409793132850     
  -3129.3208072867083        3.9066033999842587        3.3410207800380576        3.3027918377162813     
  -3067.9615757712822        4.1755086153911058        3.5972131999708603        3.5562894742776621     
  -3006.6023442558567        4.4442752996283179        3.8530232265558331        3.8096745413717592     
  -2945.2431127404311        4.7131198889471033        4.1085785004838726        4.0630599758660093     
  -2883.8838812250056        4.9816253354957567        4.3640862958409681        4.3166314499441114     
  -2822.5246497095795        5.2498821228651114        4.6191589919400915        4.5700101539500402     
  -2761.1654181941544        5.5181156595167415        4.8739187164190430        4.8232933443087180     
  -2699.8061866787280        5.7858972693063704        5.1285848948957646        5.0766682709755866     
  -2638.4469551633028        6.0533076522790381        5.3827585279548380        5.3297363482975273     
  -2577.0877236478773        6.3205829893707985        5.6365565271459515        5.5825818252416628     
  -2515.7284921324513        6.5872809720078997        5.8902117927974613        5.8353975951889732     
  -2454.3692606170257        6.8534731025895592        6.1433111196556363        6.0877658226875297     
  -2393.0100291016001        7.1194083252205278        6.3959665079074028        6.3397615506884453     
  -2331.6507975861741        7.3846281997024521        6.6484259015204525        6.5915886051256525     
  -2270.2915660707490        7.6491954976364820        6.9002584929120001        6.8428107495020516     
  -2208.9323345553235        7.9133740783898636        7.1515717086982837        7.0934983637051996     
  -2147.5731030398974        8.1766861270552269        7.4026304065831514        7.3438723216373276     
  -2086.2138715244719        8.4391859563354448        7.6529819929877254        7.5934784659771175     
  -2024.8546400090463        8.7011546280508938        7.9027297270607084        7.8423873147971710     
  -1963.4954084936207        8.9620906343931317        8.1521576134565645        8.0908432416596128     
  -1902.1361769781952        9.2220398195808873        8.4007859732881531        8.3383733912196991     
  -1840.7769454627694        9.4813028366215821        8.6487144105197551        8.5850529111482654     
  -1779.4177139473438        9.7393486208443925        8.8962487102270984        8.8311558692032666     
  -1718.0584824319180        9.9962141419439732        9.1428751377240172        9.0761875022561647     
  -1656.6992509164925        10.252222057224168        9.3886902228072380        9.3202310659324468     
  -1595.3400194010669        10.506803597741637        9.6340243975175994        9.5635954171927722     
  -1533.9807878856411        10.759985828927139        9.8783200312337662        9.8057564101271399     
  -1472.6215563702156        11.012115558839763        10.121670607822104        10.046806563296631     
  -1411.2623248547898        11.262574471564431        10.364432929122190        10.287091454677762     
  -1349.9030933393640        11.511377264868930        10.605988960657870        10.526041392466773     
  -1288.5438618239386        11.758895365527632        10.846424336684276        10.763751963963209     
  -1227.1846303085129        12.004441485358200        11.086114449379796        11.000595072645492     
  -1165.8253987930871        12.248009908239403        11.324340615461926        11.235912719068212     
  -1104.4661672776617        12.489987772549224        11.561144615416136        11.469762352186567     
  -1043.1069357622359        12.729575800492508        11.796853758388350        11.702468320302788     
  -981.74770424681037        12.966710187233126        12.030492135180950        11.933119914460795     
  -920.38847273138470        13.201730799339456        12.261830537405734        12.161496106686970     
  -859.02924121595902        13.433575002536669        12.490727230906682        12.387434649357470     
  -797.67000970053346        13.661907966219729        12.715133711787079        12.608934370012113     
  -736.31077818510778        13.886635155821427        12.933159094418768        12.824069424694422     
  -674.95154666968199        14.105670348482134        13.141632973731875        13.029582964574306     
  -613.59231515425643        14.317118378447105        13.332710498313624        13.217599497633792     
  -552.23308363883086        14.518072381341634        13.494437850720015        13.376007426818607     
  -490.87385212340519        14.700989095627003        13.605402313942426        13.483169915219699     
  -429.51462060797951        14.854486540971674        13.624865375526827        13.498240606092036     
  -368.15538909255389        14.958369860702547        13.484271524383258        13.352597790103651     
  -306.79615757712821        14.973563179090227        13.067398618595135        12.930468186565610     
  -245.43692606170259        14.833898725859409        12.187865036374681        12.047340573202362     
  -184.07769454627694        14.426207948202268        10.591770083847667        10.453334010640081     
  -122.71846303085130        13.565880388680670        8.0171982659392356        7.8930467315409416     
  -61.359231515425648        11.996206092878886        4.3765570448807880        4.2844144953597745     
   0.0000000000000000        9.4425183686548682        1.2961376099299677E-016  -4.5935681409128293E-002
   61.359231515425648        5.7923598665581117       -4.3765570448807889       -4.3764878905918820     
   122.71846303085130        1.3533014526271652       -8.0171982659392373       -7.9854529373729122     
   184.07769454627694       -3.1354374496366071       -10.591770083847670       -10.545758184394685     
   245.43692606170259       -6.9074127043909979       -12.187865036374685       -12.139335548868621     
   306.79615757712821       -9.6004070852668129       -13.067398618595135       -13.021698486076607     
   368.15538909255389       -11.288101865976996       -13.484271524383255       -13.442827726259143     
   429.51462060797951       -12.233613683406729       -13.624865375526827       -13.587268893494207     
   490.87385212340519       -12.697130003364954       -13.605402313942420       -13.570781738620550     
   552.23308363883086       -12.871374153090789       -13.494437850720015       -13.461944765606823     
   613.59231515425643       -12.877105234890823       -13.332710498313622       -13.301573117538799     
   674.95154666968199       -12.785584627228701       -13.141632973731877       -13.111287107682168     
   736.31077818510778       -12.639357135829780       -12.933159094418764       -12.903187009911711     
   797.67000970053346       -12.460904684058917       -12.715133711787082       -12.685156490767845     
   859.02924121595902       -12.262716025499564       -12.490727230906678       -12.460471431097236     
   920.38847273138470       -12.053117060198913       -12.261830537405736       -12.231077004458289     
   981.74770424681037       -11.835571319708714       -12.030492135180950       -11.999005211605796     
   1043.1069357622359       -11.612083913412334       -11.796853758388343       -11.764453174937888     
   1104.4661672776617       -11.384916936126176       -11.561144615416138       -11.527672904984655     
   1165.8253987930871       -11.154344485196898       -11.324340615461926       -11.289612708068100     
   1227.1846303085129       -10.920627268104763       -11.086114449379798       -11.049986302049527     
   1288.5438618239386       -10.684885157558590       -10.846424336684276       -10.808768358792669     
   1349.9030933393640       -10.446878193643649       -10.605988960657868       -10.566652881580543     
   1411.2623248547898       -10.206575287051482       -10.364432929122191       -10.323302561597753     
   1472.6215563702156       -9.9648106473578668       -10.121670607822102       -10.078649414275741     
   1533.9807878856411       -9.7212770306773937       -9.8783200312337627       -9.8332929934046955     
   1595.3400194010669       -9.4758914108720127       -9.6340243975176012       -9.5869152282911703     
   1656.6992509164925       -9.2293699429183906       -9.3886902228072362       -9.3394436791751811     
   1718.0584824319180       -8.9814119662848491       -9.1428751377240189       -9.0914239549464373     
   1779.4177139473438       -8.7319210555312559       -8.8962487102271002       -8.8425660378986777     
   1840.7769454627694       -8.4815392837105446       -8.6487144105197551       -8.5927981392100072     
   1902.1361769781952       -8.2299826966565739       -8.4007859732881531       -8.3426275818527884     
   1963.4954084936207       -7.9771463855529445       -8.1521576134565645       -8.0917904887477441     
   2024.8546400090463       -7.7236164253607225       -7.9027297270607146       -7.8402149743784388     
   2086.2138715244719       -7.4691247608722211       -7.6529819929877263       -7.5883783840363197     
   2147.5731030398974       -7.2135576263751418       -7.4026304065831496       -7.3360390782268414     
   2208.9323345553235       -6.9574558917847655       -7.1515717086982828       -7.0831230370157776     
   2270.2915660707490       -6.7005651185679209       -6.9002584929120028       -6.8300825320105147     
   2331.6507975861741       -6.4427619061473962       -6.6484259015204543       -6.5766938460806825     
   2393.0100291016001       -6.1845497797662823       -6.3959665079074073       -6.3228783113668268     
   2454.3692606170257       -5.9256859502770567       -6.1433111196556363       -6.0690659725049478     
   2515.7284921324513       -5.6660370189648974       -5.8902117927974569       -5.8150466831076901     
   2577.0877236478773       -5.4060755138488075       -5.6365565271459470       -5.5607343947148395     
   2638.4469551633028       -5.1455689645637266       -5.3827585279548344       -5.3065384773041693     
   2699.8061866787280       -4.8843741036205914       -5.1285848948957620       -5.0522581884922531     
   2761.1654181941544       -4.6229379220350024       -4.8739187164190430       -4.7977973821815372     
   2822.5246497095795       -4.3610375693425318       -4.6191589919400933       -4.5435456130416183     
   2883.8838812250056       -4.0985204571856997       -4.3640862958409716       -4.2893078111336118     
   2945.2431127404311       -3.8358129289075009       -4.1085785004838753       -4.0349753188745350     
   3006.6023442558567       -3.5727015882310642       -3.8530232265558357       -3.7809185831425882     
   3067.9615757712822       -3.3090253764428770       -3.5972131999708639       -3.5269452020856349     
   3129.3208072867083       -3.0451944632232006       -3.3410207800380602       -3.2729322176333948     
   3190.6800388021338       -2.7810051403073954       -3.0848246195631592       -3.0192320152567866     
   3252.0392703175589       -2.5162888993601502       -2.8284284735112397       -2.7656528803878775     
   3313.3985018329849       -2.2514438562880343       -2.5716988809460304       -2.5120566949648619     
   3374.7577333484105       -1.9862764780243847       -2.3150076335109588       -2.2587795753860105     
   3436.1169648638361       -1.7206118606123457       -2.0581685575544313       -2.0056297754050494     
   3497.4761963792616       -1.4548398393130775       -1.8010420409129013       -1.7524543059801170     
   3558.8354278946877       -1.1887776530269258       -1.5439949019365447       -1.4995758205815894     
   3620.1946594101132      -0.92224495885124469       -1.2868502169440852       -1.2468031928545411     
   3681.5538909255388      -0.65562672084725815       -1.0294618565717455      -0.99397006346396566     
   3742.9131224409643      -0.38875152774752664      -0.77219340244563650      -0.74138951575440259     
   3804.2723539563904      -0.12143434367101058      -0.51487647282201099      -0.48887298512817212     
   3865.6315854718159       0.14594171131430933      -0.25735800991988977      -0.23624331201204329     
