  -3926.9908169872415       0.60471737831705497       -9.3883178522574555E-016  -1.1783399059700694     
  -3865.6315854718159        1.9163114093907299       0.98135348654836219       -2.2174234460637732     
  -3804.2723539563904        3.4971099790760660        1.9603428065912163       -2.4402423877887283     
  -3742.9131224409643        5.0743375999172180        2.9346094891072316       -1.7470632651386402     
  -3681.5538909255388        6.5678273568470722        3.9018064403225758       -8.9141954449842409E-002
  -3620.1946594101132        8.2351518489667530        4.8596035980652861        2.6472165516548545     
  -3558.8354278946877        9.8068147151899829        5.8056935450892544        5.8184615167010918     
  -3497.4761963792616        10.703487739837207        6.7377970678444070        8.3450251585998245     
  -3436.1169648638361        11.251950771442555        7.6536686473017976        10.063673252433587     
  -3374.7577333484105        12.074427244575087        8.5511018686056399        11.246060370917915     
  -3313.3985018329849        12.993928295148113        9.4279347365199566        11.590954647758846     
  -3252.0392703175589        13.846225567787778        10.282054883864429        11.061015000796745     
  -3190.6800388021338        14.841070272695275        11.111404660392051        10.205539898909278     
  -3129.3208072867083        15.730292126985521        11.913986089848674        9.2418280204619663     
  -3067.9615757712822        16.252875989786823        12.687865683272920        8.3891833643670601     
  -3006.6023442558567        16.653166108150835        13.431179096940371        8.2763534689996998     
  -2945.2431127404311        16.946292382794638        14.142135623730963        9.1176482016409857     
  -2883.8838812250056        17.162560830281702        14.819022507099188        10.906060210886448     
  -2822.5246497095795        17.784377728974420        15.460209067254747        13.848854028839884     
  -2761.1654181941544        18.622133132317707        16.064150629612897        17.297817740666268     
  -2699.8061866787280        18.962266142266234        16.629392246050919        20.001263009110556     
  -2638.4469551633028        19.090470523547800        17.154572200005440        21.757728136259040     
  -2577.0877236478773        19.537170076331829        17.638425286967109        22.783355060564141     
  -2515.7284921324513        19.862605764480818        18.079785862468871        22.575482430847526     
  -2454.3692606170257        19.860005460298265        18.477590650225743        21.128724203177921     
  -2393.0100291016001        20.092878595147610        18.830881303660419        19.417332335104771     
  -2331.6507975861741        20.536351662955383        19.138806714644183        17.931240948508723     
  -2270.2915660707490        20.542206290497472        19.400625063890878        16.515495470716061     
  -2208.9323345553235        20.005645459676128        19.615705608064623        15.423956708585976     
  -2147.5731030398974        19.318464601744136        19.783530199295619        15.197876498400683     
  -2086.2138715244719        18.631809568925817        19.903694533443947        15.904883754531260     
  -2024.8546400090463        17.850966970744345        19.975909124103449        17.160161924769575     
  -1963.4954084936207        17.176404465479752        20.000000000000004        18.734963047831318     
  -1902.1361769781952        17.145676739924859        19.975909124103453        20.692778161984172     
  -1840.7769454627694        17.827115598220512        19.903694533443932        22.686349392222304     
  -1779.4177139473438        18.507839286243847        19.783530199295619        23.737850623558071     
  -1718.0584824319180        18.592519381388364        19.615705608064619        23.197519669879533     
  -1656.6992509164925        18.223056106735413        19.400625063890882        21.375024573543570     
  -1595.3400194010669        17.894229025946547        19.138806714644193        19.115489880871603     
  -1533.9807878856411        17.893093335071214        18.830881303660426        17.157836441816617     
  -1472.6215563702156        18.048966534522506        18.477590650225732        15.780628423637348     
  -1411.2623248547898        18.078160808992237        18.079785862468857        15.043382730393281     
  -1349.9030933393640        17.984517724074134        17.638425286967092        15.109907059595940     
  -1288.5438618239386        17.600097895275486        17.154572200005436        15.757855646743431     
  -1227.1846303085129        16.566672527525423        16.629392246050909        16.381947918300426     
  -1165.8253987930871        15.270154177523899        16.064150629612897        16.994307351920838     
  -1104.4661672776617        14.324500324190470        15.460209067254745        17.798657599364290     
  -1043.1069357622359        13.365015673566321        14.819022507099184        18.075259676734273     
  -981.74770424681037        12.063678061031508        14.142135623730960        17.268744667987107     
  -920.38847273138470        11.098066414803048        13.431179096940371        15.995886333197312     
  -859.02924121595902        10.764711889772421        12.687865683272907        14.658323122468596     
  -797.67000970053346        10.445510541783598        11.913986089848668        12.872436795584921     
  -736.31077818510778        9.8912823442191815        11.111404660392047        10.691687037377799     
  -674.95154666968199        9.3349279705220756        10.282054883864427        8.6501379336467501     
  -613.59231515425643        8.7769045736542690        9.4279347365199548        6.9867998490014012     
  -552.23308363883086        8.2065263172708605        8.5511018686056453        5.8264779937904816     
  -490.87385212340519        7.7516470429037749        7.6536686473017932        5.3149966354388773     
  -429.51462060797951        7.3464264897272242        6.7377970678444035        5.2977444713329742     
  -368.15538909255389        6.7850634342295191        5.8056935450892508        5.4038065608480643     
  -306.79615757712821        5.9211289677575536        4.8596035980652887        5.2867064554310943     
  -245.43692606170259        4.7663142431937988        3.9018064403225621        4.7663616627993992     
  -184.07769454627694        3.5509676454391292        2.9346094891072272        3.9265035452770278     
  -122.71846303085130        2.4901345894231475        1.9603428065912099        2.9054256908014642     
  -61.359231515425648        1.6621002449624998       0.98135348654836430        1.7839300110102634     
   0.0000000000000000        1.1475583487459744        2.6138818935747554E-015  0.71769749137942951     
   61.359231515425648       0.81775546515794084      -0.98135348654835997      -0.29607203495315249     
   122.71846303085130       0.29075097781473636       -1.9603428065912154       -1.4939316896918338     
   184.07769454627694      -0.53830799878343782       -2.9346094891072272       -2.8500308664135594     
   245.43692606170259       -1.5296983141321827       -3.9018064403225696       -4.1369825298281802     
   306.79615757712821       -2.7497302988973154       -4.8596035980652843       -5.3922982134970132     
   368.15538909255389       -4.1203687810686480       -5.8056935450892526       -6.5682980709165797     
   429.51462060797951       -5.2059746742033361       -6.7377970678444035       -7.3047856894077716     
   490.87385212340519       -6.0453892637878432       -7.6536686473017976       -7.7370739571932869     
   552.23308363883086       -7.2825484032482306       -8.5511018686056399       -8.5991579471585791     
   613.59231515425643       -8.9734708478124467       -9.4279347365199531       -10.007415285598828     
   674.95154666968199       -10.370974183169947       -10.282054883864426       -11.232487611967207     
   736.31077818510778       -11.180716298418764       -11.111404660392051       -11.956301481695371     
   797.67000970053346       -11.824485613856179       -11.913986089848674       -12.549809943823789     
   859.02924121595902       -12.432023165523985       -12.687865683272916       -13.088378662080498     
   920.38847273138470       -12.816182506602829       -13.431179096940367       -13.351833943445948     
   981.74770424681037       -13.180594130044888       -14.142135623730960       -13.549261890474998     
   1043.1069357622359       -13.800750882138376       -14.819022507099188       -14.002522845678314     
   1104.4661672776617       -14.535919098078466       -15.460209067254747       -14.644287755235297     
   1165.8253987930871       -15.153140331539767       -16.064150629612897       -15.316537917353431     
   1227.1846303085129       -15.487353908256697       -16.629392246050919       -15.902596071326752     
   1288.5438618239386       -15.480958094213214       -17.154572200005440       -16.346116938756147     
   1349.9030933393640       -15.411335717065954       -17.638425286967109       -16.873194527151618     
   1411.2623248547898       -15.399522471138193       -18.079785862468864       -17.512870184750629     
   1472.6215563702156       -15.134581803556078       -18.477590650225736       -17.846164580160693     
   1533.9807878856411       -14.801792073124707       -18.830881303660419       -17.962628359205734     
   1595.3400194010669       -15.017780479224824       -19.138806714644183       -18.417734147188789     
   1656.6992509164925       -15.642866782625998       -19.400625063890878       -19.055079890076883     
   1718.0584824319180       -16.203878432419895       -19.615705608064623       -19.426097493608772     
   1779.4177139473438       -16.773759671108163       -19.783530199295619       -19.657743216696613     
   1840.7769454627694       -17.312686836875713       -19.903694533443947       -19.778712918736964     
   1902.1361769781952       -17.598053675790801       -19.975909124103449       -19.636193284891952     
   1963.4954084936207       -17.955644552618406       -20.000000000000004       -19.617565398813039     
   2024.8546400090463       -18.542496438851906       -19.975909124103453       -19.927294739896148     
   2086.2138715244719       -18.828141252311031       -19.903694533443932       -20.064199883673822     
   2147.5731030398974       -18.679591540834455       -19.783530199295619       -19.903183343043519     
   2208.9323345553235       -18.447881327569611       -19.615705608064619       -19.779344306864722     
   2270.2915660707490       -18.046766785922102       -19.400625063890882       -19.566750814437256     
   2331.6507975861741       -17.351180846693307       -19.138806714644193       -19.081626788803067     
   2393.0100291016001       -16.700710470048065       -18.830881303660426       -18.596093751440389     
   2454.3692606170257       -16.252209659816124       -18.477590650225739       -18.204766068901790     
   2515.7284921324513       -15.870819240320252       -18.079785862468864       -17.729214063120672     
   2577.0877236478773       -15.683930788380362       -17.638425286967092       -17.280366760692822     
   2638.4469551633028       -15.873175640935781       -17.154572200005436       -17.051950757516440     
   2699.8061866787280       -16.187451426131577       -16.629392246050909       -16.829522331422851     
   2761.1654181941544       -16.153159163493601       -16.064150629612897       -16.195100180521592     
   2822.5246497095795       -15.675104791732505       -15.460209067254745       -15.124251946925758     
   2883.8838812250056       -15.198936963632088       -14.819022507099184       -14.146771805662087     
   2945.2431127404311       -14.980085222503826       -14.142135623730963       -13.612127264473731     
   3006.6023442558567       -14.505317993832337       -13.431179096940374       -13.099604730128128     
   3067.9615757712822       -13.336074398692606       -12.687865683272911       -12.237392536059643     
   3129.3208072867083       -11.966692206693047       -11.913986089848668       -11.525076003298778     
   3190.6800388021338       -10.995736168680136       -11.111404660392047       -11.469613787722350     
   3252.0392703175589       -10.204100500287579       -10.282054883864431       -11.649589421246535     
   3313.3985018329849       -9.1354399200598042       -9.4279347365199584       -11.324239446951481     
   3374.7577333484105       -7.7808904374756569       -8.5511018686056453       -10.196267338404580     
   3436.1169648638361       -6.3735613742732369       -7.6536686473017950       -8.3160918252321121     
   3497.4761963792616       -5.1701884240884040       -6.7377970678444070       -5.9618538831654178     
   3558.8354278946877       -4.3371129194683835       -5.8056935450892526       -3.5614708253627150     
   3620.1946594101132       -3.6822153374518538       -4.8596035980652905       -1.3692985159935858     
   3681.5538909255388       -2.8967091001884859       -3.9018064403225674       0.42595284047427384     
   3742.9131224409643       -2.0322610668511509       -2.9346094891072316        1.3871406894928087     
   3804.2723539563904       -1.2417799356574606       -1.9603428065912112        1.2179847040621317     
   3865.6315854718159      -0.41647699795271631      -0.98135348654836496       0.17623956108862582     
