  -3926.9908169872415       0.60471737831705497       -9.3883178522574555E-016  -8.3851722561210068E-002
  -3865.6315854718159        1.9163114093907299       0.98135348654836219        1.0235878972100876E-002
  -3804.2723539563904        3.4971099790760660        1.9603428065912163       0.39608676875577536     
  -3742.9131224409643        5.0743375999172180        2.9346094891072316       0.96960199183739870     
  -3681.5538909255388        6.5678273568470722        3.9018064403225758        1.7845807840868064     
  -3620.1946594101132        8.2351518489667530        4.8596035980652861        3.1742864170828957     
  -3558.8354278946877        9.8068147151899829        5.8056935450892544        4.8699240563584594     
  -3497.4761963792616        10.703487739837207        6.7377970678444070        6.2157905878334985     
  -3436.1169648638361        11.251950771442555        7.6536686473017976        7.4032202010383150     
  -3374.7577333484105        12.074427244575087        8.5511018686056399        8.8946569398492841     
  -3313.3985018329849        12.993928295148113        9.4279347365199566        10.368181936782058     
  -3252.0392703175589        13.846225567787778        10.282054883864429        11.559140457831869     
  -3190.6800388021338        14.841070272695275        11.111404660392051        12.633780001002528     
  -3129.3208072867083        15.730292126985521        11.913986089848674        13.353890221486992     
  -3067.9615757712822        16.252875989786823        12.687865683272920        13.509791048619999     
  -3006.6023442558567        16.653166108150835        13.431179096940371        13.425103997377965     
  -2945.2431127404311        16.946292382794638        14.142135623730963        13.210740634574028     
  -2883.8838812250056        17.162560830281702        14.819022507099188        12.999015545732581     
  -2822.5246497095795        17.784377728974420        15.460209067254747        13.368617126087624     
  -2761.1654181941544        18.622133132317707        16.064150629612897        14.205034682303992     
  -2699.8061866787280        18.962266142266234        16.629392246050919        14.831466195897415     
  -2638.4469551633028        19.090470523547800        17.154572200005440        15.519108281006059     
  -2577.0877236478773        19.537170076331829        17.638425286967109        16.731448040177742     
  -2515.7284921324513        19.862605764480818        18.079785862468871        17.924084754234368     
  -2454.3692606170257        19.860005460298265        18.477590650225743        18.775322041520376     
  -2393.0100291016001        20.092878595147610        18.830881303660419        19.753408545540836     
  -2331.6507975861741        20.536351662955383        19.138806714644183        20.778786808332782     
  -2270.2915660707490        20.542206290497472        19.400625063890878        21.194397005705312     
  -2208.9323345553235        20.005645459676128        19.615705608064623        20.923112390358444     
  -2147.5731030398974        19.318464601744136        19.783530199295619        20.403697457812193     
  -2086.2138715244719        18.631809568925817        19.903694533443947        19.835986328765447     
  -2024.8546400090463        17.850966970744345        19.975909124103449        19.162070172295895     
  -1963.4954084936207        17.176404465479752        20.000000000000004        18.598552416799933     
  -1902.1361769781952        17.145676739924859        19.975909124103453        18.674349311224965     
  -1840.7769454627694        17.827115598220512        19.903694533443932        19.426151188352090     
  -1779.4177139473438        18.507839286243847        19.783530199295619        20.095928122993907     
  -1718.0584824319180        18.592519381388364        19.615705608064619        20.045968901233820     
  -1656.6992509164925        18.223056106735413        19.400625063890882        19.396175599845538     
  -1595.3400194010669        17.894229025946547        19.138806714644193        18.652020840934551     
  -1533.9807878856411        17.893093335071214        18.830881303660426        18.147471795094482     
  -1472.6215563702156        18.048966534522506        18.477590650225732        17.790023567858462     
  -1411.2623248547898        18.078160808992237        18.079785862468857        17.393553830972092     
  -1349.9030933393640        17.984517724074134        17.638425286967092        17.061132397163732     
  -1288.5438618239386        17.600097895275486        17.154572200005436        16.703570692759396     
  -1227.1846303085129        16.566672527525423        16.629392246050909        15.998240502444931     
  -1165.8253987930871        15.270154177523899        16.064150629612897        15.306949061148282     
  -1104.4661672776617        14.324500324190470        15.460209067254745        15.156241360670363     
  -1043.1069357622359        13.365015673566321        14.819022507099184        15.043796308245630     
  -981.74770424681037        12.063678061031508        14.142135623730960        14.482167701879714     
  -920.38847273138470        11.098066414803048        13.431179096940371        14.004563082644175     
  -859.02924121595902        10.764711889772421        12.687865683272907        13.812728121621454     
  -797.67000970053346        10.445510541783598        11.913986089848668        13.264609789388427     
  -736.31077818510778        9.8912823442191815        11.111404660392047        12.159284245071406     
  -674.95154666968199        9.3349279705220756        10.282054883864427        10.832843763775758     
  -613.59231515425643        8.7769045736542690        9.4279347365199548        9.4162426317636960     
  -552.23308363883086        8.2065263172708605        8.5511018686056453        8.0283304887532871     
  -490.87385212340519        7.7516470429037749        7.6536686473017932        6.9026553015520307     
  -429.51462060797951        7.3464264897272242        6.7377970678444035        6.0397683651526179     
  -368.15538909255389        6.7850634342295191        5.8056935450892508        5.2533848724996863     
  -306.79615757712821        5.9211289677575536        4.8596035980652887        4.3704462446228387     
  -245.43692606170259        4.7663142431937988        3.9018064403225621        3.3391299628659619     
  -184.07769454627694        3.5509676454391292        2.9346094891072272        2.3061529043029929     
  -122.71846303085130        2.4901345894231475        1.9603428065912099        1.4038848000151090     
  -61.359231515425648        1.6621002449624998       0.98135348654836430       0.64920231280906515     
   0.0000000000000000        1.1475583487459744        2.6138818935747554E-015   9.6531997171837275E-002
   61.359231515425648       0.81775546515794084      -0.98135348654835997      -0.37091882060156967     
   122.71846303085130       0.29075097781473636       -1.9603428065912154       -1.0932737677559250     
   184.07769454627694      -0.53830799878343782       -2.9346094891072272       -2.1195689412456229     
   245.43692606170259       -1.5296983141321827       -3.9018064403225696       -3.2569687115213348     
   306.79615757712821       -2.7497302988973154       -4.8596035980652843       -4.5332641081459117     
   368.15538909255389       -4.1203687810686480       -5.8056935450892526       -5.8515220697883708     
   429.51462060797951       -5.2059746742033361       -6.7377970678444035       -6.7764943058402123     
   490.87385212340519       -6.0453892637878432       -7.6536686473017976       -7.3636072171258915     
   552.23308363883086       -7.2825484032482306       -8.5511018686056399       -8.2852186935740235     
   613.59231515425643       -8.9734708478124467       -9.4279347365199531       -9.6325528094042312     
   674.95154666968199       -10.370974183169947       -10.282054883864426       -10.695684928699176     
   736.31077818510778       -11.180716298418764       -11.111404660392051       -11.216760891886562     
   797.67000970053346       -11.824485613856179       -11.913986089848674       -11.652952482563055     
   859.02924121595902       -12.432023165523985       -12.687865683272916       -12.168625166222220     
   920.38847273138470       -12.816182506602829       -13.431179096940367       -12.608164635979195     
   981.74770424681037       -13.180594130044888       -14.142135623730960       -13.196667303334943     
   1043.1069357622359       -13.800750882138376       -14.819022507099188       -14.211385736136181     
   1104.4661672776617       -14.535919098078466       -15.460209067254747       -15.486620340621759     
   1165.8253987930871       -15.153140331539767       -16.064150629612897       -16.737998105996905     
   1227.1846303085129       -15.487353908256697       -16.629392246050919       -17.730502418800956     
   1288.5438618239386       -15.480958094213214       -17.154572200005440       -18.329976277636948     
   1349.9030933393640       -15.411335717065954       -17.638425286967109       -18.742805176816812     
   1411.2623248547898       -15.399522471138193       -18.079785862468864       -19.035069010645433     
   1472.6215563702156       -15.134581803556078       -18.477590650225736       -18.864685461875084     
   1533.9807878856411       -14.801792073124707       -18.830881303660419       -18.413422174976347     
   1595.3400194010669       -15.017780479224824       -19.138806714644183       -18.321524602595403     
   1656.6992509164925       -15.642866782625998       -19.400625063890878       -18.496481676113319     
   1718.0584824319180       -16.203878432419895       -19.615705608064623       -18.530704281939006     
   1779.4177139473438       -16.773759671108163       -19.783530199295619       -18.574481614411788     
   1840.7769454627694       -17.312686836875713       -19.903694533443947       -18.667949458466342     
   1902.1361769781952       -17.598053675790801       -19.975909124103449       -18.659219203936384     
   1963.4954084936207       -17.955644552618406       -20.000000000000004       -18.922333931789879     
   2024.8546400090463       -18.542496438851906       -19.975909124103453       -19.628136155246715     
   2086.2138715244719       -18.828141252311031       -19.903694533443932       -20.218123291058323     
   2147.5731030398974       -18.679591540834455       -19.783530199295619       -20.490136967468249     
   2208.9323345553235       -18.447881327569611       -19.615705608064619       -20.695836445196633     
   2270.2915660707490       -18.046766785922102       -19.400625063890882       -20.639679437510051     
   2331.6507975861741       -17.351180846693307       -19.138806714644193       -20.102325642739320     
   2393.0100291016001       -16.700710470048065       -18.830881303660426       -19.366402777303584     
   2454.3692606170257       -16.252209659816124       -18.477590650225739       -18.581722509763836     
   2515.7284921324513       -15.870819240320252       -18.079785862468864       -17.655631913107019     
   2577.0877236478773       -15.683930788380362       -17.638425286967092       -16.794410407839102     
   2638.4469551633028       -15.873175640935781       -17.154572200005436       -16.276129053118591     
   2699.8061866787280       -16.187451426131577       -16.629392246050909       -15.944324552392589     
   2761.1654181941544       -16.153159163493601       -16.064150629612897       -15.403263989635159     
   2822.5246497095795       -15.675104791732505       -15.460209067254745       -14.610320909073950     
   2883.8838812250056       -15.198936963632088       -14.819022507099184       -14.036296121001298     
   2945.2431127404311       -14.980085222503826       -14.142135623730963       -13.936878551012693     
   3006.6023442558567       -14.505317993832337       -13.431179096940374       -13.778286558263126     
   3067.9615757712822       -13.336074398692606       -12.687865683272911       -13.082898705854795     
   3129.3208072867083       -11.966692206693047       -11.913986089848668       -12.286214893789253     
   3190.6800388021338       -10.995736168680136       -11.111404660392047       -11.905075032255331     
   3252.0392703175589       -10.204100500287579       -10.282054883864431       -11.616442572709714     
   3313.3985018329849       -9.1354399200598042       -9.4279347365199584       -10.849658942512795     
   3374.7577333484105       -7.7808904374756569       -8.5511018686056453       -9.4984836188384030     
   3436.1169648638361       -6.3735613742732369       -7.6536686473017950       -7.7535618695431197     
   3497.4761963792616       -5.1701884240884040       -6.7377970678444070       -5.9159952018378466     
   3558.8354278946877       -4.3371129194683835       -5.8056935450892526       -4.2884412895710833     
   3620.1946594101132       -3.6822153374518538       -4.8596035980652905       -2.8761824103406100     
   3681.5538909255388       -2.8967091001884859       -3.9018064403225674       -1.5730595695860956     
   3742.9131224409643       -2.0322610668511509       -2.9346094891072316      -0.58173029976189516     
   3804.2723539563904       -1.2417799356574606       -1.9603428065912112      -0.11828087616817562     
   3865.6315854718159      -0.41647699795271631      -0.98135348654836496       -4.2410679020308317E-002
