  -3926.9908169872415       0.64168957710029773       -3.3334926802391432E-015   3.3940723625541000E-002
  -3865.6315854718159        1.0743586265345022       0.40559507932276961       0.42041407323100000     
  -3804.2723539563904        1.5081944205124884       0.81137943582050021       0.80728549572097652     
  -3742.9131224409643        1.9431083146283310        1.2167311885460323        1.1944105734028172     
  -3681.5538909255388        2.3788907664956067        1.6218259857374804        1.5822864448323744     
  -3620.1946594101132        2.8154707546234450        2.0268659546670680        1.9714345049624464     
  -3558.8354278946877        3.2526894458047684        2.4312255824912317        2.3615933626951557     
  -3497.4761963792616        3.6902648531912359        2.8350659864134569        2.7531009493306069     
  -3436.1169648638361        4.1280569435276195        3.2386014137730363        3.1463159605489226     
  -3374.7577333484105        4.5658459886054263        3.6411989260511470        3.5407786667238792     
  -3313.3985018329849        5.0032899162865014        4.0430040032015144        3.9366081171554832     
  -3252.0392703175589        5.4401953821043332        4.4442422528295769        4.3339620342467473     
  -3190.6800388021338        5.8762993671462178        4.8442691766069323        4.7321622479756975     
  -3129.3208072867083        6.3112183263986594        5.2432132082398946        5.1311118707951975     
  -3067.9615757712822        6.7447256037097132        5.6413104312839710        5.5307909965413913     
  -3006.6023442558567        7.1765348939166040        6.0379000982813924        5.9303409541990284     
  -2945.2431127404311        7.6062403633848934        6.4330917536006265        6.3295051163047953     
  -2883.8838812250056        8.0336010441837598        6.8271308205890948        6.7281568633069062     
  -2822.5246497095795        8.4583248701580818        7.2193347798609055        7.1253357655242997     
  -2761.1654181941544        8.8799990365462378        7.6097918232836141        7.5207160889264486     
  -2699.8061866787280        9.2983823021252974        7.9987551407712960        7.9141634629043143     
  -2638.4469551633028        9.7131883142941735        8.3855137019226866        8.3047154103080416     
  -2577.0877236478773        10.124005478104559        8.7701309866138892        8.6920824428641481     
  -2515.7284921324513        10.530598342896463        9.1528656556327022        9.0762293965773058     
  -2454.3692606170257        10.932688763714840        9.5329696581028998        9.4562911568031751     
  -2393.0100291016001        11.329864400805231        9.9104770783325762        9.8321116925282190     
  -2331.6507975861741        11.721890547472031        10.285648569362106        10.203844648808502     
  -2270.2915660707490        12.108487310403914        10.657687939571353        10.570792620974661     
  -2208.9323345553235        12.489225583683512        11.026593179598887        10.932990310809661     
  -2147.5731030398974        12.863850886779261        11.392621497769579        11.290817874568463     
  -2086.2138715244719        13.232054298398314        11.754913493926676        11.643750229858057     
  -2024.8546400090463        13.593354552331988        12.113421185619220        11.991993847337557     
  -1963.4954084936207        13.947436023077399        12.468389574079078        12.336107530356230     
  -1902.1361769781952        14.293910952303118        12.818874794580145        12.675648652583062     
  -1840.7769454627694        14.632186652082579        13.164767749004948        13.010880412739386     
  -1779.4177139473438        14.961821264734365        13.506286599472944        13.342398393884238     
  -1718.0584824319180        15.282275344958734        13.842371573495051        13.669662396547746     
  -1656.6992509164925        15.592764527874255        14.172828077107820        13.992800748003411     
  -1595.3400194010669        15.892639534478089        14.497821860203375        14.312243756114615     
  -1533.9807878856411        16.181126383662818        14.816127882589370        14.627128675701471     
  -1472.6215563702156        16.457166933466581        15.127424145516152        14.937236241519486     
  -1411.2623248547898        16.719832858173277        15.431776384095976        15.242629070094567     
  -1349.9030933393640        16.968053375500464        15.727710360994291        15.541909067804477     
  -1288.5438618239386        17.200445379969256        16.014697681119443        15.834327283044916     
  -1227.1846303085129        17.415769686631787        16.292606777420531        16.119413313954681     
  -1165.8253987930871        17.612635150623653        16.559553784321359        16.395047014644000     
  -1104.4661672776617        17.789306266960445        16.814632852686504        16.659786746741425     
  -1043.1069357622359        17.944190076281682        17.057284627738163        16.912448302780739     
  -981.74770424681037        18.075466559815048        17.284846531892711        17.149915535559565     
  -920.38847273138470        18.180810134616166        17.495575170731215        17.369718917732289     
  -859.02924121595902        18.257823360865117        17.687793791798150        17.569433470891457     
  -797.67000970053346        18.303422633426123        17.856929848337309        17.744017433669065     
  -736.31077818510778        18.313238634959720        17.998721201610465        17.888505542012901     
  -674.95154666968199        18.281644235975996        18.107555346103304        17.996651842905276     
  -613.59231515425643        18.200258649068186        18.172026412143900        18.056829831834865     
  -552.23308363883086        18.056041492075344        18.176939901136205        18.053428722843130     
  -490.87385212340519        17.829308290964121        18.097564726802268        17.961553026380997     
  -429.51462060797951        17.488670145094979        17.888187285942674        17.736122386486297     
  -368.15538909255389        16.983962146805929        17.474201402912776        17.303622244193111     
  -306.79615757712821        16.237499564200725        16.728379933721378        16.540005009559426     
  -245.43692606170259        15.132454390309356        15.440763718519511        15.242906511967927     
  -184.07769454627694        13.508719505812586        13.316003778943813        13.130219093453924     
  -122.71846303085130        11.185781124619798        10.033565324176077        9.8998898608712409     
  -61.359231515425648        8.0371086794668152        5.4664921643861302        5.4354507586728857     
   0.0000000000000000        4.1219354225700773       -3.3334926802391432E-015  0.10099339359736513     
   61.359231515425648      -0.21546971255429570       -5.4664921643861435       -5.2531715219546404     
   122.71846303085130       -4.4302672592659427       -10.033565324176086       -9.7634903150444892     
   184.07769454627694       -8.0349687892457187       -13.316003778943827       -13.041019684756687     
   245.43692606170259       -10.805489815397125       -15.440763718519509       -15.187916731460884     
   306.79615757712821       -12.777592450033776       -16.728379933721385       -16.505301102516469     
   368.15538909255389       -14.115793890423390       -17.474201402912776       -17.279516929074347     
   429.51462060797951       -15.000787653530262       -17.888187285942674       -17.717688241898237     
   490.87385212340519       -15.578532316064274       -18.097564726802258       -17.947419141889778     
   552.23308363883086       -15.950637114239212       -18.176939901136201       -18.044050383086535     
   613.59231515425643       -16.183593661106375       -18.172026412143904       -18.053664947375868     
   674.95154666968199       -16.319772026728131       -18.107555346103311       -18.001593209797392     
   736.31077818510778       -16.385374877117791       -17.998721201610461       -17.903242805952257     
   797.67000970053346       -16.397222161489061       -17.856929848337305       -17.769986427216839     
   859.02924121595902       -16.366477475631687       -17.687793791798150       -17.607758745503517     
   920.38847273138470       -16.300323814762613       -17.495575170731215       -17.420975692972139     
   981.74770424681037       -16.204013306455934       -17.284846531892704       -17.214277311489550     
   1043.1069357622359       -16.081579263458146       -17.057284627738159       -16.989751438103042     
   1104.4661672776617       -15.935803505107904       -16.814632852686508       -16.749404855372028     
   1165.8253987930871       -15.769081902510056       -16.559553784321363       -16.496064956501030     
   1227.1846303085129       -15.583488437052985       -16.292606777420531       -16.230707156999820     
   1288.5438618239386       -15.380449305858169       -16.014697681119440       -15.954469388113178     
   1349.9030933393640       -15.161329166433481       -15.727710360994283       -15.669329236413073     
   1411.2623248547898       -14.927381909190883       -15.431776384095969       -15.375689121046735     
   1472.6215563702156       -14.679412038640152       -15.127424145516148       -15.074147470935991     
   1533.9807878856411       -14.418272031457295       -14.816127882589363       -14.766097672178827     
   1595.3400194010669       -14.144800090439974       -14.497821860203381       -14.451540630250339     
   1656.6992509164925       -13.859503469734710       -14.172828077107820       -14.130682390720100     
   1718.0584824319180       -13.563002222286892       -13.842371573495051       -13.804501375775470     
   1779.4177139473438       -13.255964941980896       -13.506286599472940       -13.472740102971562     
   1840.7769454627694       -12.938806484676565       -13.164767749004948       -13.135361777809678     
   1902.1361769781952       -12.612086295940756       -12.818874794580143       -12.793103214548776     
   1963.4954084936207       -12.276442140824878       -12.468389574079074       -12.445603563098729     
   2024.8546400090463       -11.932295865007500       -12.113421185619218       -12.092738902281321     
   2086.2138715244719       -11.580214368947219       -11.754913493926676       -11.735168204736336     
   2147.5731030398974       -11.220844444905822       -11.392621497769575       -11.372566056602132     
   2208.9323345553235       -10.854625832619810       -11.026593179598883       -11.004849037985213     
   2270.2915660707490       -10.482124265466911       -10.657687939571353       -10.632719462285444     
   2331.6507975861741       -10.103972096030336       -10.285648569362108       -10.255978036940984     
   2393.0100291016001       -9.7205897756567143       -9.9104770783325762       -9.8746542715017576     
   2454.3692606170257       -9.3324989070822042       -9.5329696581028998       -9.4895530513451192     
   2515.7284921324513       -8.9402720930226920       -9.1528656556327022       -9.1006306848276832     
   2577.0877236478773       -8.5442631703769862       -8.7701309866138892       -8.7080410209590244     
   2638.4469551633028       -8.1449055417704450       -8.3855137019226813       -8.3126905096248702     
   2699.8061866787280       -7.7426727640587485       -7.9987551407712889       -7.9146662062039699     
   2761.1654181941544       -7.3378166952381267       -7.6097918232836141       -7.5142082214084249     
   2822.5246497095795       -6.9306542754859626       -7.2193347798609082       -7.1122786598147911     
   2883.8838812250056       -6.5215391151688236       -6.8271308205890957       -6.7090330558909788     
   2945.2431127404311       -6.1106061221187069       -6.4330917536006300       -6.3047281937199182     
   3006.6023442558567       -5.6980487187197504       -6.0379000982813986       -5.9003095354338564     
   3067.9615757712822       -5.2841011356112464       -5.6413104312839737       -5.4959192648289097     
   3129.3208072867083       -4.8687879267094534       -5.2432132082398981       -5.0917471685513629     
   3190.6800388021338       -4.4521929316330819       -4.8442691766069412       -4.6886406940881589     
   3252.0392703175589       -4.0344516897232214       -4.4442422528295777       -4.2866442588401350     
   3313.3985018329849       -3.6155041243074812       -4.0430040032015153       -3.8858002952261055     
   3374.7577333484105       -3.1953559867557786       -3.6411989260511506       -3.4867862498880253     
   3436.1169648638361       -2.7740804975134727       -3.2386014137730417       -3.0894812564513137     
   3497.4761963792616       -2.3515722543076460       -2.8350659864134533       -2.6937242557984824     
   3558.8354278946877       -1.9278013612540157       -2.4312255824912272       -2.2999824708121217     
   3620.1946594101132       -1.5028231410439776       -2.0268659546670609       -1.9079421765767997     
   3681.5538909255388       -1.0765311615275586       -1.6218259857374822       -1.5172298749601829     
   3742.9131224409643      -0.64890395261649925       -1.2167311885460288       -1.1281159015423379     
   3804.2723539563904      -0.22002164324755213      -0.81137943582049576      -0.74012485835920216     
   3865.6315854718159       0.21018386231106501      -0.40559507932276739      -0.35272322285940305     
